0.101218 0.00832203 0.491848 -0.13835 0.576026 -0.0249231 0.440276 -0.197222 -0.75618 0.04024 
0.481388 0.114807 0.22758 0.0363068 -0.42945 -1.10219 -0.25974 0.301028 0.0945164 -0.707543 
0.318876 0.312755 0.526736 0.588667 0.139154 0.656025 -0.0391331 0.950267 0.102693 0.490265 
-0.390985 0.467513 -0.588928 0.153493 -0.566547 -0.174574 0.13932 0.118163 -0.748921 0.408559 
0.997177 0.16992 -0.296102 0.305533 -0.780935 0.504634 0.501016 -0.155978 -0.13798 -0.356646 
-0.0110812 0.150609 0.550737 0.28409 -0.503925 0.0888369 -1.02788 -0.552715 -0.488097 -0.0532413 
-0.0928252 0.388652 0.0472268 -0.324047 -0.0371273 -0.418463 0.331181 -0.441232 0.326034 0.949057 
0.378523 -0.607135 -0.181997 -0.811817 -0.0291934 0.302218 -0.187796 0.558594 0.00356064 0.321314 
-0.469967 -0.808665 0.209528 0.472491 -0.277043 -0.370219 0.239228 -0.0828885 -0.117808 0.386222 
0.657786 -0.290623 -1.09436 0.242001 0.259143 -0.591861 -0.186612 -0.487534 -0.145909 0.106426 
0.559993 -0.331248 -0.52604 0.791727 1.08147 -0.560749 0.169315 -0.895613 0.839824 0.0330838 
0.140892 1.14435 -0.413266 -0.0221779 -0.38192 0.158717 -0.561696 -0.588006 0.978012 -0.705588 
0.258596 0.849442 0.185707 0.312059 -0.0387523 0.169624 0.394872 -1.38561 0.0626706 0.854879 
-1.33176 -0.074052 0.270941 0.454092 1.04642 -0.0264627 0.0456021 -0.721971 -0.00259439 -0.151696 
-0.435921 0.206473 -0.354837 -0.431113 1.12665 -0.144883 -0.131737 0.624181 -1.33838 -0.830842 
-0.372982 0.619497 -0.398273 -1.0328 0.869678 -0.309196 -0.11848 -0.226774 0.327526 1.0738 
0.471401 0.189014 0.805707 0.673936 0.384503 -0.959281 -0.0661241 0.438297 -0.353083 0.704962 
0.192435 -0.304949 0.661933 -1.04784 0.401009 0.83076 -0.192511 0.235552 0.329739 -0.723532 
0.161999 -0.755816 -0.23636 -0.1885 -0.663726 -0.95825 0.206801 -1.17123 0.154299 -0.634383 
0.279957 -0.608206 -0.315732 0.359917 -0.483459 0.172839 -1.18355 -0.305022 -0.184472 0.486687 
0.495371 -0.252187 -0.28884 0.326308 -0.0365788 -0.0637371 -0.060122 -1.04758 0.613363 0.103565 
0.046686 -0.917592 -0.208181 0.48769 -0.0843268 -0.388033 0.683171 0.440366 0.0600855 -0.406466 
-0.60851 -0.565417 -0.578009 -0.878173 0.249083 0.0378483 0.0597326 0.0336539 0.476425 0.346225 
-0.267473 0.685072 0.290052 -0.160637 0.347345 -0.215856 0.64001 -0.337056 0.641978 -0.286296 
0.303122 -0.137562 0.654934 -0.354071 -0.83754 0.421022 0.317569 -0.183961 0.393756 0.511973 
0.315831 -0.167387 -0.0396549 0.0825823 0.834163 0.811603 0.298131 0.736809 0.713925 0.15439 
0.0770253 -0.0669025 -0.10738 -0.117061 -0.22536 -0.0105172 -0.889067 0.178618 0.387565 -0.883032 
0.271641 0.860027 -1.06992 -0.0670159 -0.573776 0.13301 0.344 -0.022268 -0.158476 0.06164 
-0.745653 -0.131056 -0.119005 0.954676 -0.103529 0.0152629 -0.167214 0.357137 0.689927 0.717032 
0.448178 0.248777 0.21626 -0.0831132 0.127963 -0.987468 -0.294381 0.44653 0.427656 0.371741 
-0.344298 -0.216694 -0.389701 -0.622314 0.652764 -0.741293 0.785332 -0.833946 0.379439 -0.296169 
-0.958228 -0.177803 0.67788 -1.0193 -0.705449 0.757953 -0.0452671 -0.3044 -0.456754 -0.237425 
-0.55878 -0.0321069 -0.0454231 0.400332 0.220088 0.148902 -0.319774 -0.493285 0.723983 -1.33137 
0.731935 -0.246629 -0.675802 -1.58288 -0.501578 0.188298 0.742791 0.215438 0.0670266 -0.639633 
1.05909 -0.196196 1.80212 -0.542444 0.0915625 0.601082 0.522335 -0.293146 -0.671557 0.1737 
-0.667601 0.406228 0.645899 0.20794 -0.0144697 -0.950665 0.288427 1.00057 0.0357078 -0.401024 
-0.145506 0.376594 0.395656 0.122231 -0.960119 -1.16696 -0.545088 0.0830117 0.780006 -0.368076 
-0.692283 -1.19897 0.231894 0.262237 -0.870505 0.239291 -0.351923 0.429553 0.113191 -0.386171 
-0.494237 -0.0371125 0.458837 -0.245558 0.515849 -0.902395 -0.755552 -0.532898 -0.600807 -0.74662 
0.0617669 -0.223626 -0.453587 0.725013 -0.360185 0.096299 0.415154 -1.0937 -0.686068 -0.680133 
-0.334711 0.0271064 -0.328424 0.150758 -0.845522 -0.47708 -0.944633 -0.310278 -0.271864 -0.617396 
-0.648954 -0.60434 -0.354927 0.494962 0.849194 -0.699839 0.144427 0.322798 -0.202177 0.208202 
-0.539755 0.500678 0.495068 0.392032 -0.491568 -0.0155715 0.488152 0.763778 -0.870584 0.405795 
0.507657 0.529169 -0.755578 0.416735 -0.286845 -0.00648184 0.135709 0.162384 0.254458 1.03626 
-0.41926 -0.151001 -0.474015 -0.364296 -0.122572 0.115811 -0.0673872 -0.444427 -1.07714 0.597324 
0.173617 -0.626176 -0.010097 -0.444273 -0.346049 -0.312434 0.219086 0.858561 0.55119 0.247403 
-0.887383 -0.125073 0.335418 0.0562446 -0.507635 -0.214321 0.380404 -0.585672 0.836166 0.251228 
-0.110436 0.919418 0.238756 -1.12427 0.167775 -0.00668478 -0.621269 -0.0296312 0.0706934 0.389857 
-0.682337 0.525802 -1.14353 -0.30128 -0.376246 0.0630248 0.733009 0.0288973 0.280828 -0.579854 
-0.448844 -0.274712 -0.628101 0.250415 0.220288 1.24388 -0.803514 0.523679 0.107055 0.115566 
0.17389 -0.0104211 -0.22911 0.413279 -0.473337 -1.73081 -0.202157 0.495059 -0.415855 -0.221636 
-0.196573 -0.0613942 -0.747639 0.0340845 0.244413 0.635542 0.342996 -0.284704 1.15639 -0.581647 
-0.0316249 -0.546643 -0.304391 -0.958976 -1.02688 0.412765 -0.110442 -0.246018 0.121844 -0.157627 
0.806049 0.625936 -0.872286 -0.56217 -0.6226 -0.709603 1.2461 -0.180707 -0.129919 0.597386 
-0.92756 0.292907 0.655915 0.0646358 -1.1849 -0.680292 -0.213144 -0.63206 0.478233 0.692453 
-1.13012 0.78854 -0.642716 0.34576 0.10214 -0.138147 -0.122179 -0.75344 -0.993205 0.289011 
-1.00937 -0.500209 -0.0919965 0.0871195 -0.260303 0.291744 0.785725 0.508754 -0.208456 0.0771704 
-0.414315 0.258889 -0.254955 0.1645 -0.0399748 -0.0129489 -0.582801 1.42669 -0.38542 1.75603 
0.000786643 -0.66787 -0.695107 1.04659 -0.65933 0.0805833 0.327865 -0.514852 0.303582 0.883346 
0.0880595 1.67721 0.152545 -0.121374 -0.737249 0.438802 -0.18351 0.095285 -0.668185 -0.296954 
0.727264 -5.94956 -2.71388 -2.43768 -3.233 3.17671 2.62056 -0.828529 -0.483886 -1.29535 
5.41407 -2.25792 -1.87412 0.860917 -1.00198 6.57189 -5.11439 -4.96756 -3.34901 2.98785 
1.49887 -0.16221 -2.17606 -2.71267 -3.45244 0.498189 -0.216324 -2.79144 -2.18714 2.17444 
0.543708 -6.60386 -1.08393 -1.73546 -3.34931 1.62202 -2.34048 -2.67171 1.77576 -3.25527 
3.19381 1.09372 7.21252 -4.74074 -1.04368 -3.89615 2.59806 4.36604 -9.5792 -7.13517 
-1.68247 1.71854 3.05232 1.46444 -0.635934 0.0699683 2.05052 -0.411457 -4.37722 -8.03004 
2.05561 -3.74113 -4.1778 -3.48963 -3.34235 2.48432 -4.21095 -3.82325 -8.09394 -2.24176 
5.77714 5.75686 3.53717 7.08268 -1.57241 0.791365 -3.13138 -0.209722 -2.4873 0.197241 
-4.39222 -4.2255 -0.0719586 -3.7082 -0.94305 2.3932 -1.2727 -5.74102 -1.65179 -1.8709 
0.969357 2.94807 -1.24148 3.17267 3.53492 -1.20745 -2.00612 -4.89867 0.74586 5.97633 
-9.62469 -3.84486 9.92983 -1.22864 -4.2947 7.50312 -0.0357453 -1.4419 4.77069 6.15532 
6.26502 2.28724 3.94648 1.89071 4.36809 3.49676 4.57597 -3.50356 -3.64757 3.79886 
-2.73212 -7.55324 -2.74197 2.94809 -5.06651 0.593386 3.54713 -4.13313 -4.60105 -0.839432 
-5.27867 8.08598 -2.9827 -1.06584 -3.42215 -7.71536 1.77554 1.03929 1.73837 -8.89894 
4.53206 10.3462 3.99833 0.118302 0.369718 -3.11121 6.34851 0.899982 -4.01486 -0.451661 
0.457372 3.0639 -6.54145 6.43241 -2.09612 -3.67676 -5.07695 10.169 1.45384 -6.21752 
-2.45389 -0.449674 -4.64841 0.456541 -4.50568 -6.85498 4.96465 -2.66282 -3.06755 -3.67714 
4.18318 0.781645 5.09019 6.11896 -0.290463 2.70891 4.56115 -2.16306 -5.4121 5.40481 
0.586487 1.06914 3.12223 6.51167 -1.18268 6.65193 -2.82906 8.70302 -0.985636 4.33216 
-0.163615 -1.86752 6.14783 5.29285 -2.06699 9.07989 -3.46691 3.92607 1.31742 8.55352 
-27.9173 -30.1075 -13.4568 -27.1831 24.34 -49.7848 0.00371151 6.19034 -3.32205 24.7664 
4.83214 -18.8719 -49.2599 -7.04854 27.0547 -6.08401 1.65941 -1.10106 -8.21211 24.5047 
20.1373 52.5552 71.169 33.0413 -79.8023 57.6216 24.5199 2.33783 26.7093 -64.2843 
-10.163 32.965 42.3349 -10.981 -15.8549 25.8021 -24.2172 4.14267 -8.4408 -22.2478 
-28.8548 15.2263 -22.6113 -31.53 -5.32827 -23.9821 -1.55297 13.0892 -5.49568 -23.5113 
-5.11987 28.2917 25.9417 -27.2798 -10.927 16.9454 -4.47448 -9.10685 -16.9075 -26.5475 
-22.2213 2.87614 -2.90389 -14.7442 7.61042 14.9098 18.8499 12.0492 17.1421 28.1896 
-3.74317 -9.99988 -36.5705 -18.2324 28.819 -16.2196 -20.9551 6.49204 -19.2605 7.44927 
-0.0345778 -6.45552 25.8332 20.2606 -3.43136 11.8315 -9.67629 15.0965 11.0517 9.22312 
-9.76705 3.75142 -11.6671 -9.28878 0.581696 -26.7538 -7.06996 11.6099 1.17393 -24.9512 
-8.36254 18.7926 61.6328 1.47103 -2.50294 17.3412 16.6433 -59.7883 -20.7331 -14.5404 
0.982107 -3.69056 -7.46191 -0.340436 -8.55022 -16.5657 -6.84669 8.04101 5.69249 16.6038 
0.203472 -21.5434 -63.3756 4.72213 -12.5402 -30.8907 -16.9901 65.008 31.1749 9.80296 
-14.5097 30.661 94.8722 11.0491 18.5412 25.8571 30.6086 -102.042 -22.0587 -33.5721 
5.48743 -24.3868 -34.1652 -1.68722 -6.48444 -16.1274 -12.6475 36.5552 12.5531 19.7218 
1.82536 -21.6072 -15.531 6.62758 -11.0048 -8.42466 -3.28984 18.5947 15.852 -0.669874 
-5.50056 29.6094 19.8395 7.20252 6.68865 -4.83055 14.3911 -43.0058 -11.6172 -2.63779 
-11.1071 33.6917 55.5423 9.96042 13.7265 13.9395 20.3545 -74.8352 -23.3564 -25.2788 
-12.6043 25.7138 73.8318 5.24852 24.5278 34.4901 25.6075 -78.753 -25.5846 -31.7104 
-16.7875 27.8504 58.9875 -1.25965 2.86355 26.9967 20.3979 -59.6812 -18.4885 -29.3382 
