0.0748912 -0.596143 0.521742 -0.646944 -0.188276 0.041637 0.509027 0.213086 -0.605896 0.179997 
-0.244659 0.11928 0.446218 -0.225489 0.00570116 0.173133 0.206789 0.0403801 0.975426 0.353013 
0.750755 -0.0672273 0.262437 -0.150141 0.206636 -0.485477 0.080384 0.179124 0.661489 -0.672137 
-0.101866 0.663739 0.112865 -0.863388 -0.306619 0.269249 -0.672655 -0.268444 -0.25365 -0.0254219 
-0.0118983 0.554614 0.0873935 0.25276 -0.229561 -0.196196 0.352828 -1.09722 -0.31392 0.219434 
-0.155924 0.36276 -0.921686 -0.474994 -0.475959 -0.39818 0.394043 0.463806 0.0128483 -0.043365 
-0.254939 0.539519 0.564335 0.33653 0.259562 -0.411339 0.24433 0.63421 -0.196275 0.037701 
0.172241 0.0537667 0.588066 0.452258 -0.865528 -0.645151 -0.764163 0.131441 0.06218 0.450068 
0.29932 0.426943 0.135412 -0.0368147 -0.591545 1.0882 0.62735 0.304049 -0.351283 0.0288674 
0.701331 -0.0979017 -0.243832 0.073495 0.791358 -0.101876 -0.32663 0.160247 0.138408 0.858704 
-0.323953 0.471945 -0.341729 0.813283 0.944559 -1.28746 -0.479223 0.507468 -0.31383 -0.120179 
0.352506 0.331007 0.356249 -0.0112369 -1.53414 -0.587161 -0.0614897 -0.184191 0.592016 -0.186019 
-1.04956 -0.396815 -0.556744 -0.579115 -0.69661 -0.14256 1.02678 -0.555872 -0.226183 -0.160461 
-0.110728 0.6309 0.164011 1.05504 0.328558 0.796411 0.407652 -0.611004 -0.229291 0.642164 
0.119979 0.689231 -0.259079 -0.143885 -0.467872 0.521098 0.713424 1.28879 -0.115204 -0.121679 
-0.176557 -0.0831201 -1.36345 -0.249618 -0.462378 0.545688 -0.0871666 -0.0881966 0.906097 0.202028 
1.25085 0.138632 -0.749386 0.153396 0.424174 -0.440677 0.977149 -0.165268 -0.140069 0.0785692 
0.0290394 -0.733013 -0.989499 0.701161 -1.04299 -0.0125642 -0.220675 -0.181296 -0.765176 -0.293811 
0.195768 0.714752 -0.830253 -0.850273 -0.792941 0.624174 -0.526391 -0.363518 -0.967572 -0.368425 
0.67746 -0.124559 0.112213 0.354362 0.448518 0.313786 -0.178257 -0.00899248 0.137431 -1.35325 
-0.615986 -0.551768 -0.0547072 -0.134542 -1.11037 0.374386 -0.0732945 0.0200325 0.231208 -0.181774 
1.14525 -0.363515 0.166974 -0.0409067 -0.631373 -0.497274 -0.0870509 0.124432 -0.699229 -0.488207 
-0.663767 -0.155069 0.794321 -0.233394 0.470466 -0.199838 0.283495 0.338534 -0.811008 0.297514 
0.150041 -0.122022 0.0635102 0.271635 -0.530831 0.305762 0.26777 1.28254 0.513287 0.43166 
0.168584 -0.869121 0.205684 -0.823148 0.146687 -0.286332 -0.164044 -0.200976 0.109429 0.573291 
0.270413 0.00352423 0.448897 0.314842 -0.516141 0.205881 -0.983225 -0.410432 -0.515072 0.413127 
-0.189321 0.400929 -0.118206 0.031724 -0.691964 -0.728758 0.839637 -0.0138557 -0.26428 0.620769 
0.318109 0.0447817 -0.0945361 -0.373192 0.188579 0.844609 0.919754 -0.298067 -0.448767 0.423237 
0.106216 0.344156 1.13493 -0.464814 -0.126919 -0.568702 0.0135196 0.209026 0.661569 -0.367213 
-0.0587368 -0.688128 0.216992 1.02781 -0.0648314 -0.0210694 0.530648 -0.5037 0.0742398 0.389068 
-0.68847 0.296311 0.0845692 0.451924 0.292098 -0.215798 -1.01064 0.692184 0.177824 0.0106238 
1.073 0.240094 0.0427811 0.261094 -0.171336 -0.161434 -0.312168 -1.02486 -0.84993 -0.837359 
-0.0154148 -0.504153 0.629507 0.531788 -0.649468 0.0833791 -0.191776 0.189206 1.09017 0.0071207 
-0.233338 -0.121877 0.201193 0.806751 0.0668897 0.386603 0.485495 0.122657 -1.0867 -1.25246 
-0.0922059 -0.467924 -0.312812 -0.177599 0.610346 -0.627514 0.389727 0.539476 0.27155 -0.532374 
0.861865 -0.951097 0.730086 0.968637 0.430833 -0.382726 0.624824 0.215477 -0.427108 0.705647 
0.0428623 -0.940997 0.11534 0.0611644 -0.371017 0.974833 -1.2523 0.448972 0.147196 0.35103 
0.551851 1.13127 -0.283982 -0.76348 0.851715 0.811066 -0.245532 -0.439583 0.344634 -0.117324 
0.633566 0.810264 -1.07368 -0.166622 -0.163559 0.110793 0.217531 -0.0497223 0.527113 0.253646 
0.811933 0.735025 0.172723 -0.737045 -0.662152 -0.146802 0.181733 0.453697 0.327941 -0.0258435 
0.244078 -0.269179 -0.221351 0.105561 -0.474369 -0.552227 0.803622 0.32388 -0.562686 0.0505562 
-0.280748 -0.432243 0.47431 0.122654 -0.320342 0.17839 0.13085 0.978667 0.24476 0.284302 
-0.0741778 0.357772 0.164383 0.393989 -0.426864 0.506592 0.693762 0.0521078 0.410004 -0.245924 
-0.352588 -0.0213047 0.234215 0.518385 0.757178 0.53681 0.0128559 -0.286289 -0.642517 -0.00345484 
0.236037 0.071344 -0.116385 0.867028 -0.0492285 -0.499017 -0.289078 0.0525655 0.272071 0.172651 
-0.363502 -0.341042 0.514704 -0.0482002 0.569566 -0.403121 0.103811 -0.641462 0.616193 -0.741897 
-0.108106 -0.537242 0.224319 0.205002 -0.758151 0.0824479 -0.283355 -0.592616 0.137536 -0.0910138 
-0.728921 -0.343051 -0.937963 0.321366 0.286859 0.148757 0.0709827 0.0158717 0.0446255 -0.717352 
-0.67465 0.188084 0.112905 -0.289169 0.179577 -0.24542 0.0788196 -0.549586 0.311338 0.650111 
-0.494883 0.705619 0.224034 0.0658185 -0.0505524 -0.320411 -0.573226 -0.135094 -0.526288 -0.440769 
-0.567634 1.14051 0.307417 -0.179257 -0.284528 -1.14426 -0.872005 -0.0655235 -0.853007 0.114638 
0.208693 0.094482 -0.549004 0.520825 0.33133 0.41946 0.501982 1.06696 -0.0562346 1.31584 
-1.48094 0.898119 -0.459613 -0.178795 -1.07114 -0.638592 0.884183 -0.494156 0.0118088 0.344882 
0.347206 0.277914 0.323889 -0.387603 1.34971 -0.584298 0.140119 -0.896734 -0.574819 0.144296 
0.82675 -0.0707209 -0.121857 -0.26334 -0.0200359 -0.802691 0.26995 0.130348 -1.48154 -0.34699 
-0.182567 0.431599 0.780104 1.67615 0.526114 -0.350958 0.0277936 0.908793 -0.00597762 -0.28195 
-0.0157831 0.731684 0.716463 -0.266605 0.497933 -0.88724 0.405473 1.04655 0.960578 -0.863732 
0.879772 0.468156 1.00295 0.149712 -0.372183 0.6295 0.609581 0.160207 -0.114074 0.334505 
-0.587099 -0.507006 0.475712 -1.12507 -0.0294697 0.798074 0.573028 -0.0548146 -0.406006 -1.08858 
-0.874665 -1.24531 1.36913 -0.264967 -0.227441 -0.575868 0.211629 -0.359071 0.359368 1.47759 
-5.29619 -2.53943 -0.64014 -5.79501 0.363726 -1.91853 1.51498 -3.59052 -2.64935 -2.37267 
-1.15116 0.231513 2.85766 0.125971 -3.53282 0.869729 0.22404 0.456676 0.769921 -0.626734 
0.554976 2.45168 1.10085 2.41799 -0.645139 -0.357671 0.451996 -4.29434 3.81066 -1.35429 
3.41558 2.01787 2.68004 2.21493 -3.16217 2.04947 -3.05829 -2.11845 4.3166 1.63919 
3.73826 -1.56864 5.53187 0.406099 -8.98443 -1.53894 -3.21933 -7.34806 2.14403 0.297833 
4.17927 -0.339801 2.80347 3.83331 -3.75497 0.844844 -3.2886 -4.43923 4.10039 2.72596 
4.2016 -2.05885 0.464058 2.80378 -4.79735 -6.82798 -0.744676 1.2146 0.100734 -4.23123 
-2.06431 0.371909 4.34634 1.08733 -2.59165 -3.77576 0.851234 -1.47258 -2.26909 -1.41048 
0.938355 0.0682934 0.736587 -0.314964 0.0902603 1.6183 -0.500181 0.219922 1.04412 -0.351252 
-2.88105 0.0946876 0.929482 -1.9685 0.351973 3.64214 -1.32241 -3.30406 -0.869269 2.28203 
0.911689 0.297816 -9.43052 -0.751426 -9.07128 4.91891 -5.03422 11.9279 3.66126 -5.5466 
-3.40107 -6.906 -9.80635 3.35711 -4.46 1.13682 3.01033 3.10279 -13.6306 0.228585 
-4.7046 3.81983 -3.49552 -3.99948 -2.51068 1.55197 2.77403 9.93136 2.74206 5.25727 
-8.47862 7.43192 -8.5201 3.88016 7.06154 6.4268 14.9366 -3.26115 9.64161 0.335445 
2.14792 -5.64483 -5.97166 5.16759 -5.99819 -2.92368 -1.36921 -6.50904 -8.80299 -8.06131 
5.75307 -4.25866 9.82922 1.14918 3.64722 -2.13788 -1.09394 -1.654 -6.13512 4.30161 
-1.46475 6.2923 -9.42657 2.75645 -7.84002 1.95056 1.01584 -5.23675 -3.57629 -5.21699 
0.00558743 -9.15541 -0.424948 2.91409 2.08911 1.33008 0.65201 6.40683 5.24538 -0.389522 
-1.94221 0.266732 -2.94865 -0.996347 -1.62495 2.94268 -3.10076 -1.12885 0.558437 -5.96597 
12.0561 6.54524 1.21389 8.90166 -5.77934 1.46164 1.51969 13.6565 4.46591 0.107295 
16.9706 -21.0868 -0.440859 -8.594 -6.49905 -5.91993 -40.2142 -17.4037 -23.7897 54.7576 
0.572485 12.9298 0.105461 11.0467 6.80001 -3.38969 8.44147 12.7904 3.95186 -29.1625 
0.217241 6.04743 6.41882 2.05771 7.5793 3.03447 16.26 1.62069 4.55058 -3.44522 
-0.317201 9.97404 12.9014 7.5585 3.01934 6.3059 18.0473 2.25215 6.95722 -11.5319 
4.6954 -43.4008 -23.8792 -29.7185 -21.7744 -10.3206 -62.5987 -32.3285 -26.9987 75.6511 
-4.59256 24.7973 13.6746 13.0774 7.66009 10.996 36.0706 21.6174 21.6659 -49.9311 
0.891541 -11.6234 -7.20191 -11.4847 -11.17 0.978145 -16.7476 -5.21361 -3.8527 12.2586 
3.26994 -8.91229 -1.02695 -4.47796 -3.35802 -1.34186 -15.0296 -7.06226 -7.73077 19.2825 
-0.297425 21.0615 4.38807 22.8156 22.216 -5.19246 39.3559 11.532 7.8666 -38.2683 
7.48612 -22.2539 -7.02087 -15.4309 -9.55362 -2.36393 -32.729 -18.1334 -16.9216 49.261 
8.08832 -16.8527 -35.3077 23.3481 -0.21238 7.25835 -24.2254 -26.6998 28.6711 -36.7615 
-2.16549 -27.3772 -37.1566 18.0537 -18.8184 4.06781 4.04023 -37.7853 19.4086 -23.0092 
10.366 10.2273 15.763 -24.0677 -4.00448 3.00236 7.92237 -3.6251 -10.7842 9.55418 
-13.9732 -0.0875708 -52.529 54.6549 4.31397 19.838 -23.7844 -25.9993 45.789 -62.4254 
9.3364 -13.4746 -29.6255 15.6632 -21.1155 11.306 -32.7433 -40.627 -1.90245 -52.5613 
-10.0522 -34.5713 -110.789 82.9316 -11.3539 23.3802 -50.6603 -58.5739 61.4014 -112.88 
-1.74772 -10.884 -24.4211 -1.33124 -14.8634 0.277455 24.0413 7.36417 9.311 -9.55201 
17.8332 -12.5112 10.1346 -15.6853 -3.42227 -0.735312 7.95894 -11.3034 -7.29041 6.96541 
-16.7541 -3.94595 -62.0299 41.8869 -11.5767 7.91245 -34.8672 -31.2449 51.3143 -58.8467 
-9.94396 3.09769 -31.8511 29.1554 6.85663 6.30804 -32.974 -4.84087 22.787 -36.6118 
