0.57314 -1.04666 1.25289 -0.27746 2.28177 1.7207 -3.86362 -1.83597 -1.59228 -2.06518 
-4.17035 1.18258 -2.42414 -1.92527 3.64426 -3.64949 2.24867 4.96054 -0.019995 -0.530402 
-2.53512 3.22196 2.53649 -0.297415 0.728144 -4.51951 -1.28681 -2.96979 -1.10543 0.810837 
-2.9514 3.25314 0.102512 3.4962 0.122298 3.31219 1.46231 2.59445 -3.02535 -0.511955 
0.501588 -0.80447 -1.50543 0.236757 1.46196 -0.472104 -4.05172 0.475116 4.16184 1.67865 
3.14905 -2.48894 2.8323 -3.19456 3.13332 2.64253 -3.76494 0.730605 -0.927206 3.11627 
0.371249 4.35286 -2.12115 -0.649244 -4.1554 3.30858 -2.3598 -4.92243 3.14433 0.51992 
4.21476 -0.906452 1.5701 0.139483 1.71325 -3.47137 0.767181 -0.714119 -1.48777 0.776115 
1.97292 1.00238 -3.01077 1.36825 -0.0124529 -1.43617 -3.467 0.712164 -0.430391 1.04834 
0 0 0 0 0 0 0 0 0 0 
