0.476735 -3.39648 -0.368745 2.33616 -3.35575 -3.12425 -3.68112 -2.38866 2.14173 1.23322 
2.55743 -4.5516 -1.43606 -2.77292 2.94843 -1.75508 -3.25759 3.40484 3.20368 3.65341 
2.49646 -2.68652 0.876513 4.16746 -4.65837 -3.74146 4.54505 2.43363 2.5076 -3.6133 
0.845173 -3.57821 1.31959 1.35126 4.74958 -4.34124 -3.26029 4.67403 1.37294 0.227925 
-0.7686 -3.91316e-05 -2.18206 -2.5733 -0.165269 -2.23012 -2.44472 -2.07014 2.68878 4.82714 
4.18901 -0.134381 0.769166 -3.51103 -3.63667 4.28989 -4.58317 4.94342 -2.6485 0.571758 
-4.95519 -1.06376 3.80045 -3.80757 -0.508187 2.32775 1.02615 -3.41025 2.70675 -0.267308 
-1.42018 -3.14786 2.92303 -3.43386 -4.56909 1.18901 4.20116 -0.095462 -1.99072 -3.44228 
-4.20755 0.695701 0.557139 2.47022 -0.0384909 3.94241 1.83285 2.9396 -4.7768 0.194524 
-2.08862 2.84576 2.76567 4.23198 -4.01203 -2.57217 -0.788656 4.37317 -2.61404 -3.21489 
