0.510291 4.66633 -3.70806 -2.49721 0.773376 2.39774 3.40651 -2.47515 -2.75667 4.72525 
-0.266641 4.28804 4.22059 2.66967 -3.8845 0.407898 -3.91037 0.0820196 0.569619 4.70985 
-0.421851 -3.86853 2.35202 0.0390133 -4.48617 0.297654 -4.61289 -3.50093 -3.0022 4.95643 
-4.95282 0.497576 3.63696 -1.00435 -1.09681 0.947965 -2.55688 2.19919 0.32857 -4.42056 
-2.77459 -0.955546 -1.81218 -3.00662 -0.682888 -2.48269 2.93371 2.1294 -1.98978 -0.966838 
3.43576 -4.47969 -4.53341 0.0946539 1.83735 -1.28378 2.199 -2.12077 4.4652 -4.82003 
3.02255 -3.16096 2.49451 4.15277 2.9987 0.541247 -0.674656 4.39555 3.49976 -0.964837 
2.60878 -4.7962 -2.9615 -2.60787 -0.293188 1.51045 -0.127494 -3.75332 4.92442 3.13391 
-3.06523 1.8489 -2.14863 4.48878 3.84429 -3.509 -2.22267 1.18575 0.569052 3.56347 
0 0 0 0 0 0 0 0 0 0 
