-0.24633 0.7074 0.155063 -0.400247 0.884062 -0.668381 0.157788 -0.662649 1.31832 -0.464784 
-0.0377365 -1.23344 -1.09426 -1.26186 0.705078 0.777104 -0.213902 0.278954 0.312494 -0.276566 
-0.202108 0.41383 -1.63536 0.349726 -0.638887 -0.637688 0.112224 -0.87318 0.042482 -0.236939 
0.885557 0.712865 -0.323705 0.292242 0.241658 0.555609 -0.75009 -1.62333 -1.40229 -0.577541 
-0.379447 -1.77233 -0.303855 0.807789 -0.0660052 0.614935 -0.207232 -1.06697 -0.100571 0.358434 
0.214448 0.212268 -0.777111 1.24754 0.52973 -1.99371 -0.296397 0.419467 -0.145186 0.154059 
0.840432 0.310463 -0.056393 0.562464 0.634239 0.983703 0.619539 0.685968 0.532622 0.203056 
1.41288 0.704627 -0.391614 0.197543 -1.17343 -0.367968 -1.15777 0.530009 0.0160776 1.07086 
0.270852 -0.18479 0.0489854 0.296406 1.46208 0.134095 1.01137 -0.58321 -0.686965 1.2041 
-0.543311 0.888988 -1.23544 -0.0510417 1.31337 0.532832 -0.828102 0.2814 0.242096 0.120574 
