1.77135 0.169498 4.7656 3.62704 -1.64513 1.00763 3.40468 -0.156803 -2.40974 4.4173 
0.788932 -1.29631 0.885173 4.02347 -1.54619 -2.38845 4.73643 2.95045 -4.31719 -4.57104 
4.93647 4.36549 3.77231 0.136546 -3.73828 -3.45719 3.59936 1.90409 -4.27614 -2.30727 
2.9718 -4.4755 2.98853 -4.00241 4.26988 4.34793 -3.95279 -2.83551 -2.23759 2.9904 
-2.08594 -1.70256 -4.00985 2.67918 4.61711 0.478031 -4.02721 0.766147 3.6548 1.99968 
0.149909 -3.53377 -2.69938 -2.78752 0.625242 3.55353 -4.98491 -4.53071 -0.338193 -4.134 
-2.8905 -0.182362 -1.22802 -4.3857 -2.24637 -3.43875 -0.9083 0.466682 -0.623603 -1.99579 
-3.83912 4.20944 1.04642 3.55806 4.20149 1.42326 -0.0570148 -0.0842496 -4.75491 4.76229 
2.23017 4.43907 -2.08636 -0.559398 -1.91532 -3.77581 3.34055 3.46711 3.34958 -3.2537 
-4.04239 1.94263 -3.2086 3.62853 2.73055 4.98774 1.15286 -1.5836 -4.97376 4.49148 
