0.296197 -0.158199 -0.0906229 0.204255 -0.107041 0.711494 0.17746 -0.108777 -0.629904 1.13126 
0.259194 0.608488 0.421005 -0.0708109 0.0131259 0.142717 0.870132 0.352742 -0.105008 -0.913607 
-0.401707 0.189084 0.493048 -0.724243 0.99736 0.224718 -0.199738 -0.664698 -0.0315846 -0.0426911 
0.10851 -0.335031 0.219183 -0.882766 -0.528572 0.549068 -0.167771 0.396282 0.50997 -0.170772 
-0.137028 0.162343 0.352634 0.613104 0.00919543 0.393417 -0.812544 0.71999 -0.0640034 0.284254 
-0.206589 -0.953766 0.709951 0.495029 0.470686 0.085486 0.902333 0.120544 0.271623 0.252807 
0.802915 -0.0208894 -0.232516 -0.174094 0.681406 0.143538 -0.148884 -0.032974 0.818014 -0.109236 
-0.475662 -0.261751 -0.473998 0.29591 0.176103 0.944281 0.376177 -0.320522 0.221607 -0.592047 
-0.672802 0.237803 -0.848654 -0.285148 0.453834 -0.422181 0.220234 0.503782 -0.243123 0.162378 
-0.549977 0.847154 0.037193 0.00918268 -0.259842 -0.0855424 -0.17281 -0.324463 0.721678 0.501929 
