-0.256311 0.10529 -0.240665 -0.389187 0.0695257 0.737581 -0.115859 -0.788332 0.522184 -0.00416225 
0.292993 -0.0424858 0.0790237 0.0191522 0.0244817 0.286379 0.245902 0.426732 1.00315 0.288525 
0.245411 0.191992 0.408215 0.017461 -0.0618317 -0.693461 -0.301936 -0.537743 0.431367 0.22921 
-0.748515 0.585337 -0.168535 -0.562801 0.227329 0.125638 0.748709 -0.224678 0.0432904 0.623191 
0.584934 -0.614853 -0.337866 -0.616108 0.669293 -0.460545 0.369483 -0.181718 0.260359 -0.0777959 
-0.266918 -0.0761525 0.333814 -0.69374 0.209171 -0.276789 -0.778102 0.506984 -0.0662946 -0.37001 
0.837727 0.650152 -0.256656 -0.460975 0.276774 0.0472813 -0.240888 0.331047 -0.0819289 -0.399303 
0.586152 -0.27618 0.938947 -0.492484 0.185481 0.289903 -0.445972 -0.0737874 -0.445963 0.341288 
0.338049 -0.206196 -0.696117 -0.378836 -0.218631 -0.112067 -0.416438 0.258496 0.108549 0.805999 
0.356019 -0.130766 0.219646 -0.366621 -0.944522 -0.148335 0.227443 0.0111963 0.13946 -0.582707 
