-0.429973 0.396151 -0.26435 0.29287 -0.936189 0.292273 -0.46432 0.22769 0.486229 -0.151182 
0.0499958 0.0281869 -0.645591 -0.209194 0.63613 0.466936 -0.312603 -0.369991 -0.445431 -0.854311 
-0.260373 -0.723596 -0.0971848 0.228857 -0.614785 0.612846 0.133845 -0.57199 -0.325158 0.420056 
-0.586401 -0.639543 0.594609 -0.0105039 0.29761 -0.000221489 -0.0119182 -0.0826234 0.400422 -0.659786 
-0.165512 0.121019 0.00669668 0.295071 -0.498347 -0.983636 0.0410732 -0.409151 -0.563498 -0.283289 
0.382659 0.432389 0.0681529 -0.486272 -0.15991 0.242111 0.557727 -0.699646 0.43212 -0.508822 
0.33063 0.348688 0.432668 0.81841 0.444387 0.118975 -0.347818 -0.640246 0.202388 0.366756 
-0.51051 -0.149986 -0.939097 0.544374 0.251147 -0.671299 0.194371 -0.0672891 0.630744 0.183934 
-0.568329 0.201522 -0.101791 -0.745518 -0.268097 -0.47909 -0.773526 -0.523802 0.278737 0.621644 
1.14824 -0.576599 -0.146445 -0.164884 -0.122982 -0.184693 -0.131625 0.00427314 0.419931 -0.152792 
-0.483907 0.49516 -0.269172 0.857407 0.356285 0.724962 0.209535 -0.467736 -0.128648 0.475583 
0.993426 0.198672 -0.341639 0.7118 0.32989 -0.132935 -0.357224 -0.016935 0.0865922 -0.57821 
-0.129069 -0.349267 -0.655002 -0.367038 -0.0764702 0.421643 -0.723979 -0.868043 -0.0270401 0.0157234 
0.472927 -0.826934 0.731267 0.19283 0.0833031 -0.0457333 -0.414169 -0.429326 -0.489196 0.448784 
0.0129815 0.126454 -0.124415 0.867833 -0.54822 0.2211 -0.701332 0.669192 -0.0354297 -0.1535 
-0.0385421 -0.492766 0.214211 -0.545483 0.833326 0.224075 -0.706128 0.606168 0.177254 0.550033 
0.756941 -0.294349 0.0490665 -0.23302 -0.632675 0.344681 0.228051 0.0795873 0.821328 0.274064 
0.216553 0.954462 -0.141838 -0.0456332 -0.426506 -0.196432 -0.336328 0.164428 -0.40714 0.768189 
-0.021464 0.834715 0.861265 -0.329584 0.164536 0.337506 -0.63538 -0.472447 0.144418 -0.355763 
-0.306638 0.297284 0.550648 0.0607192 -0.0255604 -0.642137 -0.255779 -0.400625 0.875209 0.474623 
-0.46911 -0.255957 -0.795986 -0.758045 0.429793 -0.0995338 0.0767577 0.0780678 -0.130268 0.490342 
0.189803 0.607874 -0.0773951 0.423802 0.652177 0.0716485 1.08914 -0.55801 -0.494553 -0.29646 
0.220697 -0.882572 -0.536956 0.745342 0.378928 0.338148 -0.304699 -0.190643 0.00277868 -0.00171889 
-0.175072 -0.430856 -0.271992 0.0763779 -0.0580147 -0.163656 0.74667 1.02728 0.10975 -0.218842 
0.341615 0.222929 0.104331 -0.411414 0.423825 -0.0437998 0.174742 -0.0640128 1.264 -0.816483 
0.118612 -0.272505 0.129411 0.0942659 0.262679 -1.14016 -0.0953951 -0.736669 -0.228144 -0.0450901 
0.628547 0.023309 0.156716 -0.525285 0.307564 -0.0625013 -0.387847 0.778649 -0.504709 0.265981 
-0.394052 -0.305435 1.00257 -0.338206 0.468433 0.346715 0.236066 -0.201487 -0.0610925 -0.511346 
-0.358794 0.39269 -0.145654 0.466407 -0.0279994 0.116431 -0.517843 0.0718674 -0.664018 -0.696667 
-0.45575 0.499062 0.350943 0.103322 0.66626 -0.210042 0.181844 0.470248 0.375843 0.568336 
-0.638573 -0.159292 -0.688686 0.0686904 0.255219 0.136487 -0.66045 -0.610586 -0.681465 -0.0340985 
-0.548936 0.502347 -0.267685 -0.549749 0.316899 -0.202312 0.67227 -0.0753135 -0.563523 0.440157 
-0.316867 0.292428 0.367402 -0.192602 0.419146 0.175159 0.00705455 -0.398296 0.530306 -0.907458 
-0.711471 -0.345347 0.742095 0.413109 -0.377883 0.164129 0.681712 -0.147829 -0.179172 0.0869301 
0.496316 -0.963692 -0.640097 -0.361114 0.0518428 0.0933886 0.445145 -0.184591 -0.536524 -0.338612 
-0.00551278 -0.0124875 0.019529 -0.0265981 0.463159 -0.196601 -0.0497199 1.07951 -0.417266 -0.466026 
0.260642 -0.243733 -0.225016 0.447213 0.915709 0.506738 0.391118 0.0910545 0.398299 0.0760851 
0.756679 -0.150488 0.266559 0.103053 0.707039 -0.432716 -0.571002 -0.538544 -0.634686 0.29929 
0.645301 0.434271 0.51703 0.112428 -0.148454 1.1002 -0.322753 0.152355 -0.667462 -0.425534 
-0.193812 -0.625481 0.171538 -0.915249 0.264474 0.579738 -0.407215 0.297518 0.110103 0.476083 
0.142694 0.301369 -0.507221 -1.06478 -0.333 -0.625264 0.504547 0.228389 -0.211805 -0.0819496 
-0.909924 -0.235493 -0.465487 -0.173508 0.0287439 -0.727082 -0.156699 0.889558 -0.105562 0.1679 
-0.343143 -0.0165726 -0.698683 0.573299 0.292228 0.0308022 0.0187671 -0.652659 0.0113228 -0.740846 
0.0700451 0.280108 0.452945 -0.765516 0.935607 0.256435 -0.692094 -0.107137 0.59729 0.0302887 
-0.434243 -0.194127 -0.349074 -0.446347 0.263806 0.847926 0.554486 -0.446801 0.175261 0.202048 
-0.107674 -0.996093 0.0540984 -0.694383 -0.417532 -0.0646885 0.0757598 -0.373121 0.321252 -0.48366 
-0.425649 0.97764 0.361337 0.567191 -0.345998 -9.77906e-05 0.289404 0.331004 0.783535 -0.481846 
0.527421 -0.251948 -0.0787076 0.271573 0.638981 0.299164 0.814693 0.917552 -0.448997 -0.432248 
-0.445609 0.251163 0.273071 -0.314904 -0.586285 0.441436 -0.432195 -0.282674 -0.964532 -0.775213 
-0.431017 -0.165991 0.724271 0.415996 -0.00781636 -0.657432 0.514991 -0.561812 -0.30796 -0.179566 
0.43879 0.684297 -0.659057 0.0958454 0.247372 0.54184 0.118599 0.689777 -0.0814608 0.573252 
-0.460543 -0.104171 0.662163 -0.340443 0.546234 0.0942618 0.613042 0.593158 -0.763204 0.219542 
-0.784685 -0.179083 -0.619657 -0.450812 0.450644 -0.0933064 0.192775 0.376562 0.907622 -0.536916 
0.780759 0.0609116 -0.224722 -0.832724 -0.553334 -0.38964 0.226147 0.592057 -0.395473 -0.386337 
-0.596834 -0.350651 -0.182091 -0.042609 -0.811382 -0.49911 -0.511843 0.652663 0.184845 0.122512 
-0.732082 0.68194 -0.259904 -0.190059 -0.261736 -0.303123 0.336968 -0.749185 -0.5673 0.196073 
0.379781 -0.564407 -0.0164075 0.418967 -0.0722968 -0.587789 0.976068 -0.135233 0.539567 0.421283 
-0.020713 -0.173032 0.50031 0.370116 -0.818386 0.708695 0.240437 0.495071 -0.0980289 -0.561005 
0.366249 -0.443929 0.155622 -0.998869 -0.296702 0.900849 -0.249496 -0.229068 0.325394 0.480567 
-0.446349 -0.768127 -0.961855 0.446519 -0.0126395 0.27869 -0.196464 0.0389671 -0.485734 0.00834882 
0.632517 0.960994 0.458242 0.0476077 -0.0347948 0.184566 -0.150767 0.691837 -0.3368 0.0728081 
0.523902 0.0674278 -0.38871 -0.580077 0.334654 0.314498 0.44286 0.0845345 0.688457 -0.0879106 
-0.370644 -0.0249297 -0.528858 0.986444 0.58759 0.158954 0.273654 0.343512 -0.0687139 -0.21628 
0.205148 -0.731263 -0.234627 0.0132201 -0.359778 -0.0191788 0.0397023 0.859927 -0.129779 0.297563 
-0.0595372 0.056814 -0.360985 -0.0754735 0.0784951 -0.671851 -0.168708 0.36574 -0.309233 -0.787176 
0.172129 0.0540428 0.108189 0.395969 -0.115769 0.479136 -1.01013 0.248741 0.441716 -0.345799 
-0.655743 0.673192 -0.0567539 -0.169381 -0.188917 -0.219842 -0.0298095 0.52011 0.580949 0.133041 
0.0368334 -0.0233872 1.1051 -0.250316 -0.225356 0.215535 0.390565 0.302925 0.146394 -0.700524 
-0.17323 -0.0655365 0.319462 -0.465634 0.819075 0.00238301 -0.393445 0.196677 -0.325782 0.228963 
-0.528431 -0.162191 -0.872589 -0.226126 -0.0845222 0.768389 0.0110107 0.00603519 -0.694045 -0.0877657 
0.41507 -0.607557 -0.298311 -0.106197 0.131989 -0.708928 0.792446 0.0239162 0.132551 -0.343596 
-0.00447205 0.46121 -0.239938 0.447777 0.239639 -0.304862 0.323337 -0.18658 -0.589745 -0.993693 
0.345835 0.548371 -0.0195226 0.445465 -0.119768 -0.647947 -0.191847 -0.663051 0.704566 0.00731914 
-0.560402 0.578842 -0.378871 -0.638046 0.163983 0.0755255 0.50461 0.404866 0.482018 -0.0224279 
0.305505 0.294106 -0.522176 -0.317742 -0.0111651 -0.080085 0.419151 -0.808269 -0.593842 0.609683 
-0.153103 -0.280803 -0.462019 0.0299853 -0.287624 0.907704 -0.0940101 -0.399217 0.550404 -0.321988 
-0.663784 -0.292265 0.456341 0.539378 -0.0272055 -0.321152 0.663641 -0.248077 -0.00833328 0.226256 
-0.0296839 0.0401712 0.190257 -0.135733 -1.40157 0.126336 -0.0281362 0.486466 -0.0577894 -0.042083 
0.46107 0.196095 0.818656 -0.364997 0.371955 0.376768 0.772144 -0.292001 0.0586941 -0.542151 
-0.414182 -0.510227 0.463408 -0.931413 -0.0506281 -0.169561 -0.326849 -0.159217 0.143047 -0.89981 
0.649325 -0.145701 0.789818 -0.459343 0.203526 -0.633586 0.362278 0.156718 0.881112 -0.0873065 
0.436753 -0.162828 -0.514737 0.203506 0.476223 0.0551424 -0.111684 -0.300315 0.183672 1.17316 
-0.755904 -0.561868 0.329546 -0.0346812 0.266567 -0.619154 -1.12862 -0.306151 -0.241276 0.118437 
-0.651398 1.01664 0.503997 0.421712 -0.128286 -0.218241 0.356991 -0.437908 0.130408 -0.0497477 
0.0707 -0.0539321 0.0978741 0.0559127 -0.871038 -0.304628 -0.782291 0.235555 0.438525 -0.0939584 
-0.297881 0.192867 0.461904 -0.400593 0.0187837 1.12196 -0.471849 -0.663604 0.383051 0.282897 
-0.606646 0.457094 -0.456441 -0.558985 0.309829 -0.0940813 0.0801063 0.575333 0.648805 -0.391553 
0.531945 0.676156 0.0648501 0.0454067 1.04043 -0.131583 -0.632981 0.0721484 -0.0319349 -0.228832 
-0.398176 0.356499 0.19391 -0.37821 0.123193 0.0282272 0.0513074 0.824073 -0.593475 0.894493 
-0.204932 -0.615775 0.525474 1.14001 0.662016 0.513442 -0.0962049 0.685287 0.24515 -0.00931754 
-0.0424981 -0.58979 0.177381 -0.406212 -0.904726 -0.0511755 -0.867611 -0.139135 -0.366168 0.126669 
0.953016 0.0187852 0.399974 -0.111155 -0.150175 -0.0624321 0.396342 0.208244 -0.221173 0.898576 
-0.0530781 0.185835 0.140865 -1.15234 0.552938 -0.250871 -0.365478 0.509875 0.192341 0.137103 
0.283283 -0.283398 0.883655 -0.0326612 0.151463 0.124686 0.240894 -0.131509 -0.365507 -1.09124 
0.409416 -0.42941 -0.170499 0.465902 -0.215587 0.217131 -0.491935 1.11381 0.613934 -0.0544296 
0.573884 -0.084794 -0.295215 -0.382442 -0.938249 -1.20217 0.606649 0.00503266 0.178112 -0.554168 
0.840344 0.300189 -0.788316 -0.314415 0.0722233 0.710663 -0.285333 -0.0251399 0.113333 -0.275732 
0.588696 -0.668435 -0.412784 0.181364 0.532958 -0.509842 -0.441758 0.401923 -0.468414 0.189918 
-0.274619 -0.810326 -0.190209 -0.44922 -0.17202 0.414215 0.70009 0.534493 0.236786 0.150164 
0.0501717 -0.465377 0.0814284 0.186722 0.516902 -0.362408 -0.212533 -0.54121 0.825583 0.0600493 
