-0.366425 0.384229 -0.358774 -0.75238 0.595334 0.341407 0.681901 -0.168264 -0.229103 0.164542 
-0.335659 -0.469463 -0.366476 0.246024 0.121378 0.38223 -0.982946 -0.482455 -0.712361 0.210847 
0.746513 -0.432915 -0.626133 -0.0675577 -0.402029 0.263767 0.0592553 0.189806 0.642449 0.142577 
0.530805 0.713995 -0.0752932 -0.144164 0.0457105 0.215614 -0.848457 0.146993 0.511792 0.514794 
0.0704885 -0.575271 0.97495 0.381578 0.717161 0.346429 0.000448752 -0.526343 -0.0661486 0.637683 
0.186046 0.392301 0.277905 -0.457717 -0.851609 -0.214957 0.5346 -0.406113 -0.1022 0.845147 
-0.978318 -0.372636 0.175623 -0.430665 -0.080124 0.0942454 -0.0904877 0.34185 0.466816 0.414156 
-0.0667283 -0.272448 0.0585916 -0.888629 0.0376997 -0.292943 -0.347594 -0.541159 0.3065 -0.810979 
-0.20992 -0.0630759 0.451805 0.108702 -0.175119 1.32918 0.103921 0.118326 0.375453 -0.473648 
0.412922 -0.327001 0.485202 -0.492038 0.139308 0.238779 0.10857 0.592026 -0.601598 0.0179404 
-0.371795 0.386197 0.713404 0.270124 0.0147162 -0.525395 -0.33399 -0.333346 -1.29137 -1.25339 
-1.11485 0.757167 1.16759 -0.198463 -0.398563 -0.175064 0.034984 0.547178 -0.293237 0.11319 
-0.484817 -0.123301 0.24279 0.521542 -0.416854 -1.34136 0.241256 0.678382 0.992375 -0.871492 
0.237538 -0.563756 1.13358 -0.107411 -0.128626 -0.263817 -1.20453 0.157054 1.15034 0.192965 
0.508219 0.829519 0.928344 0.223682 -0.362616 -0.698986 -0.414042 0.0276988 -0.364772 0.516224 
-0.352678 -0.929013 0.333039 -0.158695 -0.06274 -0.312526 0.482725 0.29088 -0.779602 0.493069 
-0.240018 0.157215 -0.446371 1.29638 -0.0798014 -0.391321 -0.531141 0.653305 0.316123 0.221256 
0.586828 -0.452342 -0.233671 0.224215 -1.40685 0.911933 0.309453 -0.328718 -0.770562 -0.406235 
0.445759 0.317984 0.0907304 -0.306307 -0.0303771 -0.163711 0.237646 1.40967 -0.502318 -0.583599 
0.159325 0.0755757 -0.495424 -0.999132 -0.937463 -0.403436 -0.247269 0.682049 -0.871895 -0.609117 
0.184227 -0.323456 0.336448 -0.737666 0.523832 -0.585705 -0.284063 -0.528361 0.11193 -0.667054 
0.382984 0.0917235 -0.309634 0.271026 0.259272 0.838991 -0.147185 0.460524 0.0368351 -0.794992 
0.791508 -0.202043 0.64147 -0.774704 -0.558663 0.202841 -0.00991866 -0.0881185 0.118539 0.217814 
-0.891325 0.619259 0.688019 0.0287283 0.046063 0.375193 0.0214976 -0.427536 -0.276111 -0.469384 
0.0212064 -0.441659 0.698177 0.0469882 0.530789 0.46317 0.26619 0.076597 1.04422 0.134046 
-0.390057 0.0258512 -0.305355 0.460792 -0.388469 0.627894 -0.505812 -0.646528 0.679715 0.0566346 
-0.455214 0.0504636 -0.152052 -0.551935 0.533998 0.356179 -0.881422 0.199296 -0.567011 1.05009 
-0.0634489 0.409775 -0.361181 -0.494449 0.175438 -0.0583243 1.09598 -0.466956 0.11082 0.0201945 
0.911912 0.668829 0.195956 0.461373 0.414023 0.0272257 0.0664673 -0.401726 -0.258963 0.661526 
0.0103372 0.766606 -0.154819 -0.178513 -0.360656 -0.382882 -0.66581 0.735657 0.427465 -0.143057 
-0.204214 0.659149 1.22697 0.438479 -0.296586 0.0895866 0.556889 -0.693769 -1.27123 0.366944 
-0.111266 -0.0850207 0.205501 -0.431594 -0.489488 0.399056 1.02988 1.02968 0.683245 -0.728868 
1.59448 -0.661284 -0.00562221 -0.0238042 -0.635611 -0.552568 -0.112301 0.821565 -0.0694032 0.0148554 
-0.461909 -0.649986 0.438562 0.831274 0.229707 0.206276 -1.12424 0.871677 -0.0825748 0.628613 
0.458001 0.405917 0.223067 -0.999391 0.830407 0.903877 -0.566933 -0.108719 -0.243285 0.374274 
-0.10457 -1.03557 -0.172537 -0.839002 0.505518 0.935621 -0.326219 0.0271148 -0.849823 -0.593083 
0.746788 0.580071 -1.0718 0.861331 0.914307 -0.317499 0.220385 0.513909 0.164422 0.173664 
0.150777 0.110985 -1.10671 -0.0621787 -0.886158 1.18366 1.24556 0.64729 -0.110834 0.287828 
-0.27339 -1.62362 0.575728 0.620481 0.19652 0.41517 0.348986 -0.618328 0.828538 0.154258 
0.865873 0.039222 -0.659046 0.516355 -0.383134 0.629171 -0.195715 -1.09678 -0.11715 -1.31435 
-0.526764 0.0123035 0.398551 -0.12937 0.513226 -0.162646 0.298618 0.239927 0.435379 -0.92343 
-0.651463 0.881546 0.0888641 0.538776 -0.125885 -0.377981 -0.0114926 -0.603159 -0.387347 -0.327062 
-0.239801 -0.597026 -0.255801 -0.27373 0.728815 0.0515077 0.273774 -0.803195 -0.111766 0.0823901 
0.14661 0.349093 -0.512702 -0.730986 -0.154491 0.319845 0.211347 -0.558073 -0.344466 -0.805503 
0.274263 0.667817 -0.595094 0.732202 0.496707 0.55017 -0.0116369 0.370747 0.414778 0.452839 
-0.346031 0.242821 1.08843 0.234651 -0.3364 0.737167 -0.0132475 -0.245609 0.308706 0.38832 
-0.165852 -0.141252 -0.159702 0.0209404 -0.582849 -0.242714 0.256099 -0.771892 0.83505 0.221551 
-0.712034 0.11496 -0.237588 -0.1237 -0.327764 0.0076334 0.705854 0.50467 0.0742719 0.623217 
0.109222 -0.83625 0.0448682 0.577533 0.0341392 0.00129298 0.951739 0.0189275 -0.0753071 -0.378888 
0.669558 0.255461 0.510994 -0.202399 0.371224 -0.714212 0.702018 0.113341 -0.0813349 0.201986 
-1.53558 0.770748 0.338479 -0.508616 0.151832 -0.0912456 -0.232692 0.487612 0.0801725 -0.108866 
1.41238 0.423108 -0.36664 -0.738421 0.961407 0.417296 0.305086 -0.277715 -0.714638 -0.786455 
0.970933 -0.55351 0.91845 0.297455 0.631268 0.428793 -1.64161 -0.123496 -0.261854 0.186592 
-0.0574517 -0.799947 0.170912 0.900881 0.749455 -0.438683 0.0489207 -0.512775 -0.8744 0.410758 
0.288394 0.291017 -0.602524 -0.311395 -0.0807524 -0.347955 -0.438243 1.07245 -0.342408 1.32118 
-0.259807 -0.292079 1.02988 -0.313314 0.108304 0.356862 0.673756 -0.0936309 -0.612272 1.51983 
-0.0532234 1.01175 -0.0152029 0.58315 -0.453874 -0.469613 0.851117 -0.452832 -0.569702 -0.243559 
-0.2199 0.231704 0.473991 0.193626 0.748741 -1.06694 -0.0865671 -1.34796 0.622303 -0.252791 
0.64065 -0.584383 0.137261 0.631235 0.222815 -1.00532 0.633122 0.857001 0.775371 -0.45985 
0.290591 -0.349327 0.0786892 -0.91422 -1.04117 -0.533469 0.0695547 0.347157 -0.763406 0.567182 
0.784565 -5.15099 -2.67396 3.71666 3.69089 -1.43921 2.31818 -9.49033 1.66214 0.570184 
-3.107 -0.0131322 -0.0948328 1.48289 -0.485636 1.40385 -2.47833 1.81813 -0.287523 -2.27618 
4.17196 1.33694 -5.48254 -0.469296 1.01296 5.22643 -5.14797 -3.55204 -5.38936 0.145678 
-4.06562 -3.34401 -0.322129 1.56575 -5.12138 0.852318 1.38391 4.84851 1.16884 -1.1466 
1.29094 0.975094 7.13896 0.531748 -4.21155 -2.30627 1.83006 4.91374 1.33113 4.01081 
0.146191 -1.75691 -1.21565 -0.623841 1.77764 -0.292363 -0.60068 -4.81203 0.121065 -1.97627 
-4.3281 -4.96027 4.66847 3.82118 -0.102726 -2.85396 0.501052 3.0428 3.40154 0.74363 
-2.95786 -3.23461 2.58123 0.96142 6.99003 -4.95328 2.91974 -3.36191 5.46983 3.24772 
-0.0160677 -3.39337 -0.152732 2.75757 2.3479 0.236902 3.5304 -1.77726 1.30541 4.26562 
-3.04461 -3.50411 -2.44703 0.103857 3.47111 -1.05751 -2.16881 -5.67003 -1.78749 -2.7885 
-3.37066 -1.61196 -5.05565 9.05974 0.683565 -1.21081 2.25445 1.32376 -2.14924 -0.0272315 
-3.37022 0.960426 -3.41499 1.36818 -2.05177 2.1403 2.30114 2.19585 -4.50529 -0.940908 
5.38795 -2.79928 2.51467 2.2166 3.25173 -10.6603 0.170489 1.1521 -1.63632 -2.32526 
2.82359 -8.51716 9.05731 -2.85838 -2.28751 -5.45862 3.20622 5.11221 0.645903 -0.959024 
2.58725 5.03828 -10.9116 11.7339 0.277049 0.391265 0.264438 -6.28079 -10.7354 -6.36824 
-4.2614 0.51783 -2.4946 1.48551 10.1018 -10.2489 5.62388 -7.12383 -3.57964 -1.79947 
-1.24364 2.86602 1.45021 2.67494 3.49257 -0.790027 3.74545 -5.60951 -1.94239 -6.72108 
2.08759 2.12698 5.00774 -7.38569 -0.264279 -9.96286 1.73157 -0.427484 -5.95935 -6.6239 
0.387313 0.419219 2.58567 -1.96935 9.7035 -14.2762 0.59811 -4.49802 -0.579408 -3.33702 
3.64598 0.613129 -2.65416 5.45947 0.415908 4.09632 -1.09623 -4.43168 -2.14185 0.954108 
6.56372 28.1917 -8.47366 -2.52018 -18.6272 32.8017 29.2996 45.0339 -1.24753 18.9157 
-4.65999 -34.784 11.7436 1.49536 24.9208 -37.9077 -36.0239 -53.783 4.28101 -20.3905 
1.88638 17.2607 -4.43302 -3.24332 -12.7271 21.0698 19.0169 26.45 -5.39646 15.0707 
3.8295 28.0975 -8.36663 -3.84805 -17.3808 29.9995 31.0157 41.9308 -2.38402 17.5765 
-2.3211 -27.777 9.59556 -2.94741 12.9364 -28.3296 -30.5755 -39.6335 4.16669 -15.7144 
3.49191 25.8826 -7.47607 2.72072 -13.9829 21.6478 22.9086 35.488 -5.48913 9.86563 
-8.49686 -15.6791 6.25901 2.08919 13.7152 -20.1144 -20.8093 -24.6385 -2.37152 -10.5529 
2.80027 26.3575 -12.7673 0.0448366 -16.3556 32.8073 32.863 43.8955 -3.64829 19.8547 
0.458236 21.9847 -8.56888 0.539528 -10.454 21.5158 17.4979 29.4053 -5.58145 6.75503 
-3.61996 -14.5976 6.228 -0.977308 8.25757 -15.7389 -16.6801 -19.304 -0.825745 -8.69216 
60.3618 75.4429 45.717 0.384682 -2.00515 -50.3981 -4.74763 107.531 10.5848 13.3021 
14.4254 -81.9136 25.274 9.97883 -1.35628 45.089 -50.7294 16.546 0.839599 41.1697 
-29.9221 -60.2605 30.8361 11.3878 -55.3908 88.9742 -24.4912 -105.623 6.19411 -13.8005 
-19.74 91.1774 60.5112 -76.8943 67.7936 -7.76284 -20.7162 59.7343 10.039 -21.1091 
25.6548 17.6287 -6.76387 52.8418 -107.658 -25.0027 40.7222 -44.7337 19.4584 2.90252 
-52.944 33.7638 -33.8459 -30.8443 76.1572 -49.3854 14.0845 29.1754 2.24713 -29.831 
-34.8777 -128.885 -3.78073 94.3386 20.9753 11.3728 -16.1465 -41.1195 11.4473 26.4882 
44.6151 32.7006 -28.6692 -51.3487 -65.0937 54.0028 61.6498 -35.8343 -12.2549 17.1287 
28.4175 81.8806 -3.72432 15.8939 -131.247 -40.0913 58.2985 -37.9155 64.8802 17.6138 
-50.686 84.6233 54.5368 -50.8072 -21.4136 26.5203 53.3489 -67.9237 44.7083 -7.30638 
