0.641619 -2.19097 4.18331 -1.19249 2.2718 2.27979 4.26872 4.0886 -1.03191 -2.14051 
1.91115 3.75389 -2.12634 2.2233 4.67143 2.61107 0.864089 -1.91845 0.152902 3.52467 
0.872038 1.40475 1.91044 0.775789 0.446005 -1.16287 -1.24261 4.3974 4.55189 2.52026 
1.16636 0.680354 -4.11082 -2.53083 0.529444 -2.37402 2.6057 4.19538 3.47835 -3.55231 
-0.130695 -1.93718 0.663836 -1.57485 3.04852 1.13277 -3.53926 -1.11298 2.53918 2.85968 
-1.84328 -1.13249 -1.3024 4.21982 -1.8072 -3.94065 0.754323 0.909641 -1.33724 1.24013 
-4.49741 3.64873 -0.801198 3.24427 -0.757854 4.55242 -2.18407 -4.31709 3.31135 -4.32558 
1.72545 1.83841 -2.82301 -4.31458 -2.05645 1.96565 -0.709966 -2.82821 -2.32847 -1.2491 
1.15417 -2.45714 -3.98521 1.68978 -1.17557 3.13089 -2.3836 -0.811945 -3.27089 -0.663179 
-4.09001 4.69208 0.126403 -4.0133 -3.59451 -1.31813 1.89561 4.28436 -0.945533 1.56433 
