-0.11275 0.0546361 0.528319 -0.140519 -0.152189 0.149681 0.577331 1.10616 0.039681 -0.591665 
-0.46738 -0.641981 0.814882 0.0872959 -0.0159354 -0.186244 -0.241507 -0.147787 -0.919294 0.0301443 
0.622682 0.261476 -0.223363 -0.447531 -0.00766566 -0.0755852 0.165848 -0.642447 -0.243851 -0.827024 
0.226156 -0.078997 -0.603506 -0.560106 -0.567034 0.0444387 0.317996 -0.336983 -0.471548 0.740182 
-0.640898 0.537743 -0.482285 -0.433814 0.404971 0.326091 -0.76192 0.58507 -0.529181 0.238302 
0.287144 0.436695 1.05013 -0.427906 -1.02783 0.12303 -0.49 -0.252033 -0.0273698 -0.0224827 
0.170818 0.986087 0.205969 0.592452 -0.254192 0.526422 0.240322 -0.133173 -0.613977 0.170559 
-0.236446 -0.340347 -0.219449 -0.509718 0.151266 1.36411 -0.324745 -0.170404 0.0662075 -0.485011 
0.431022 -0.17329 0.490176 -0.58387 0.929282 0.238741 0.105729 -0.058033 0.296975 0.111034 
0.712062 -0.860527 -0.0696598 -0.0213278 -0.0218069 -0.014868 -0.744956 0.328497 -0.400864 0.335892 
0.750392 -0.329877 0.307006 -0.229949 -0.194958 -0.293819 -0.570647 -0.23966 0.753952 -0.427511 
-0.130698 0.0228244 0.0257552 -0.728081 0.0778577 0.831548 -0.279795 -0.0343381 -0.47475 -0.902958 
0.117774 0.506864 0.292303 -0.576148 -0.106079 -0.790941 -0.109887 -0.0166601 -0.858548 -0.19922 
-0.116385 -0.120687 0.762021 0.208649 -0.736538 0.108612 0.0122054 0.284259 -0.415937 0.816051 
0.655887 0.291919 0.0642653 -0.0557599 0.708406 0.496524 -0.325778 -0.454854 -0.307712 0.572203 
-0.506332 -0.276681 0.280862 0.589628 0.365547 -0.479378 -0.858149 0.14076 -0.139541 -0.196121 
0.0308539 0.404907 0.00154446 -0.131739 0.203533 0.233328 -0.181545 1.15571 0.391557 0.212717 
0.0158523 0.23363 1.10973 0.287915 0.390906 0.308443 0.764485 0.213735 -0.0289003 -0.310025 
0.29717 -1.23658 -0.412881 -0.530871 0.280299 -0.0227792 0.0806947 0.325347 -0.20685 0.0328592 
-0.488962 0.352099 0.392871 -0.671652 0.433681 0.00311341 0.229999 -0.266796 0.730076 0.690169 
-0.381946 -0.2921 0.6671 0.749488 -0.190614 0.278193 0.291856 0.831784 0.874801 -0.528052 
-0.0931162 -0.256523 0.128087 1.08007 -0.467923 0.0275365 -0.25269 -1.11883 0.137157 -0.386655 
0.22265 -0.542252 -0.731787 0.192551 -0.0871942 0.576905 0.929922 0.60801 0.284518 0.201889 
1.08166 0.0211122 0.462436 0.55175 0.434415 -0.202375 -0.0574594 0.45509 -0.799194 -0.0968517 
0.811936 -0.582348 -0.326499 0.124949 -0.420075 -0.888612 -0.7614 0.503981 0.46124 -0.0802373 
-0.347184 0.126043 -0.99566 0.0764751 0.247452 -0.588658 0.216496 0.187178 -0.521561 -1.08492 
0.594151 0.184598 0.196923 -0.86341 0.307746 -0.010742 0.246888 -0.328708 1.01554 -0.796046 
0.276338 -0.759011 0.241511 -0.44294 -0.437113 -0.581018 0.468414 -0.210623 -0.121999 0.09038 
0.192607 -0.94584 0.439541 -0.247248 0.844288 0.690023 -0.137081 -0.158611 -0.294008 0.0365235 
-0.14136 0.360126 0.21508 0.390406 1.19074 -0.797841 0.285629 0.0335673 0.534921 0.34231 
-0.190232 -0.422909 -0.188398 -0.653856 -0.888713 0.315284 0.282844 -0.440248 -0.106277 -0.595859 
0.382218 -0.0944502 -0.180338 0.0858722 -0.724313 -0.312424 -0.197353 0.44542 1.07391 0.372363 
-0.622794 0.470265 0.368016 -0.233834 0.440326 0.826314 0.276776 -0.0955825 0.806626 -0.248504 
-0.594396 -0.244578 0.0891463 -0.59539 -0.0322134 -0.917651 0.0504598 0.00958938 -0.189367 0.0139037 
-0.430928 0.459169 -0.231803 -0.26278 -0.363165 0.0419183 -0.563067 -0.81697 0.192734 0.780166 
0.183818 1.02781 -0.0596885 -0.397855 -0.39978 -0.205136 0.956501 0.291605 -0.133193 0.0361077 
-0.614351 0.557667 -0.389853 0.655881 -0.374589 0.0232771 -0.536688 0.229668 -0.35094 -0.454994 
-0.17215 0.366913 0.587788 -0.840191 -0.00905553 0.664752 -0.385978 0.749533 -0.822405 0.240067 
-0.220979 -0.546922 -0.757202 -0.0729331 0.038689 0.326646 0.180253 0.694791 0.108438 0.772263 
-0.646384 -0.280347 0.623937 0.554007 -0.339283 -0.0401713 0.42042 -0.0208484 -0.233342 0.532221 
0.413862 0.480289 0.195955 -0.246095 -0.276378 -0.9566 0.361218 0.0519532 0.0592794 -0.239436 
-0.0916559 -0.344165 -0.190554 -0.0312649 0.626179 -0.0672045 0.852296 -0.52339 -0.471887 -0.547282 
-0.0571642 0.238856 -0.1495 0.968855 0.0839609 -0.233488 -0.352109 -0.210158 0.221815 -0.0536254 
0.255104 0.361954 -0.0394614 0.0493438 -0.13123 0.56282 0.820147 0.027319 0.485493 -0.217573 
0.986692 0.20225 0.0132754 0.187367 -0.0916989 0.344638 -0.106026 -0.167701 -1.07836 -0.100672 
0.0647688 -0.370933 -0.427521 -0.162452 -0.508788 0.233134 -0.309485 -0.498702 0.0484932 -0.855186 
0.64164 -0.18749 -0.690795 -0.429795 0.828125 0.0158356 -0.324141 -0.250028 0.31452 0.0990836 
0.318132 -0.944781 0.449014 0.501805 -0.218214 -0.437281 0.691686 0.0466963 0.595006 0.664036 
-0.19852 0.159573 0.894344 -0.185043 0.552075 0.467377 -0.660449 0.448379 0.435455 -0.562544 
-0.040772 -0.473819 -0.558793 0.227401 0.196636 0.0363488 0.0902904 0.916957 -0.0823603 -0.263634 
0.507918 -0.290104 -0.212166 -0.609968 -0.590296 0.0873268 0.0613036 -0.540524 0.216871 0.0688946 
-0.74963 -0.511941 -0.0324729 -0.490208 0.525314 0.362612 0.0857967 -0.151684 -0.0972244 0.269242 
-0.326006 0.57042 -0.552363 -0.113839 -0.71529 -0.0967073 -0.189926 0.206565 0.373617 0.678553 
0.0940293 -0.198096 0.560087 0.262109 0.217636 0.242965 -0.42438 -0.218706 0.545089 0.598916 
0.22815 1.32537 -0.299313 -0.28695 0.256371 -0.441881 0.065226 -0.634026 0.413732 -0.0354508 
-0.0510577 -0.334736 0.485641 -0.147095 0.283694 -1.01021 0.070998 0.00649431 -0.225356 0.232989 
0.364453 0.132141 -0.474999 0.346302 0.193093 -0.0020675 0.324953 -0.405332 -0.484404 0.673881 
-0.0628063 -0.450452 -0.841472 0.404041 0.260601 -0.164754 -0.391556 0.0450282 0.640776 -0.259284 
-0.289975 0.258528 -0.31488 0.167329 -0.257645 -0.224014 -0.96459 -0.559291 -0.412143 -0.0381133 
-0.491948 -0.0997656 0.187567 0.365069 -0.345288 -0.187717 0.715317 -0.579034 -0.047078 -0.199085 
0.219133 0.571238 -0.62527 -0.271171 -0.945206 -0.259338 -0.120367 0.0473136 0.256695 0.0422198 
0.492848 0.328873 0.247282 0.222451 0.233389 -0.308204 -0.320839 -0.434541 -0.376627 -0.772599 
0.266049 -0.520297 -0.0115416 -0.0757577 -0.699647 -0.744816 0.947852 0.070458 -0.130388 -0.170854 
0.388365 0.07424 -0.231364 -0.435321 0.544998 -0.000724582 0.202882 -0.76262 0.27761 0.559614 
0.32007 0.507496 0.568191 -1.18124 -0.275002 0.0683654 0.0755517 0.65155 -0.33079 0.0646118 
0.907993 -0.283548 -0.419666 -0.0994106 0.0879763 -0.338035 -0.498619 0.941082 0.180153 -0.382233 
-0.00617753 -0.79635 -0.598133 -0.0086408 -0.285147 0.321026 -0.119963 0.0365364 -0.883563 0.0877332 
-0.407329 -0.479893 0.400856 -0.283489 -0.51525 -0.706453 -0.527414 -0.326849 -0.0740645 0.414231 
-0.497691 0.866211 -0.0539101 0.473208 0.181138 -0.667801 0.136924 0.179126 -0.435472 0.692624 
0.765628 -0.122557 0.321709 0.494499 -0.545882 0.492841 -0.0564304 0.0177801 -0.0382474 0.430636 
0.0552535 -0.537343 -0.417432 0.652302 0.716952 -0.189518 0.427345 0.136893 -0.468356 0.493155 
-0.763913 0.521302 -0.574192 -0.265936 0.0825785 -0.334413 -0.0135907 -0.666117 0.773444 0.125172 
0.444962 0.36875 -0.366385 -0.829537 -0.253735 -0.332477 -0.362419 0.12689 -0.564526 0.280639 
1.24793 -0.0632771 -0.197787 0.116035 0.587678 0.452537 -0.267717 0.0673189 -0.0256644 0.0379367 
-0.0826435 0.0630631 0.550497 -0.479445 0.399874 0.397543 0.435843 -0.443431 0.0507868 0.820558 
-0.679716 -0.18344 -0.495162 -0.378572 0.705366 0.653309 0.00372398 0.421956 -0.0153635 -0.306691 
-0.345139 0.0188949 -0.236005 0.476794 -0.462643 0.656367 0.250679 -0.824519 -0.728375 -0.616066 
-0.0765177 -0.793686 0.0321397 0.0190913 0.136173 -0.061762 -0.844632 -0.469229 -0.210171 -0.0368086 
-0.161009 -0.298881 -0.518347 0.663603 -0.556994 0.650596 -0.125711 0.364814 0.131875 0.330635 
0.402964 -0.796719 -0.0951212 -0.787658 -0.120777 -0.0873025 0.58413 -0.133018 0.454463 -0.0290193 
-0.554926 0.0774478 0.0122754 0.320747 0.605639 0.0551864 -0.0428668 -0.0176237 -1.23643 -0.109793 
0.56684 -0.0146284 0.374076 -0.117869 -0.407423 -0.0392376 0.173453 -0.588268 -0.740136 0.536777 
-0.264755 -0.331121 -0.412248 0.0088554 -0.468265 0.211571 0.16894 -0.689051 -0.324407 -0.586019 
-0.191256 0.0326206 0.486678 0.244884 -0.645134 0.0704326 0.784648 0.591354 -0.413269 -0.157053 
-0.723248 -0.0368083 0.635035 -0.359402 -0.673762 0.954344 -0.24486 0.0217046 0.196114 0.190399 
0.202056 0.0713191 0.671464 -0.247537 0.297462 0.0236621 -0.0131521 -0.114129 0.318874 -0.871973 
-0.594477 0.489363 -0.128373 -0.39919 0.00201575 -0.826362 0.262368 -0.331981 -0.10855 0.341581 
-0.329956 -0.898196 0.248084 0.263013 0.39116 -0.0763428 0.216094 -0.307223 -0.0413602 0.401745 
0.0545788 0.0572023 -0.24989 -0.850262 0.0266262 0.925085 0.702787 0.279179 0.133212 0.0279393 
0.0123067 -0.617388 -0.163879 -0.620064 -0.214208 -0.533982 -0.407513 0.49748 -0.551468 -0.167211 
-0.264168 0.0250326 0.358006 -0.303342 -1.09334 -0.139288 0.126043 -0.319695 0.293724 0.614914 
0.204451 -0.292414 0.970255 -0.743181 0.191873 0.374373 -0.546217 0.682842 -0.0715065 -0.315873 
-0.693447 0.346314 0.363074 -0.230521 0.434216 -0.253264 0.567812 0.201727 -0.113868 0.416338 
0.894504 0.0703188 0.335452 0.116803 -0.0457628 0.469568 0.736212 -0.681249 0.264292 0.347861 
0.276367 -0.0199835 0.449104 0.662314 -0.000667771 -0.864971 0.0780218 0.463174 0.331374 0.830837 
0.370798 0.382643 -0.5318 -0.558223 -0.290302 0.297095 0.424503 0.892032 0.170527 0.461009 
-0.19526 0.216501 -0.106894 0.128716 -0.3703 0.0428155 0.716578 0.206245 0.434585 -0.722815 
-0.337369 0.833467 0.406936 0.17229 -0.158714 1.01822 -0.512465 0.16199 0.092997 -0.117503 
0.371043 0.721192 0.329007 -0.382589 -0.608497 -0.429313 0.0133533 0.193901 -0.708409 0.00630138 
-0.00566254 0.701668 0.042543 -0.372757 0.0349139 -0.308061 -0.448929 -0.525069 0.709303 -0.214569 
