-0.105624 0.237254 -0.0976714 0.0389432 -0.162 -0.510782 0.198481 -0.412559 0.826978 0.602767 
-0.196331 -0.182307 -0.188007 0.668308 0.694227 -0.0958457 0.35638 -0.257734 0.153698 -0.169979 
0.106566 0.23913 0.0264036 0.190743 0.467125 0.186355 -0.454399 0.290499 -0.483317 0.737462 
0.852911 -0.745739 -0.530141 0.499398 -0.293178 -0.359087 -0.11498 0.114682 0.817245 0.0293601 
0.615522 0.594508 0.490269 0.143908 -0.109257 -0.12851 0.374726 -0.187841 -0.63127 -0.0623974 
-0.409641 -0.174188 -0.336312 -0.0881807 -0.0624553 -0.894256 0.128371 0.137785 -0.467736 0.158475 
-0.114957 0.53239 -0.308015 0.403476 -0.21857 0.0629293 -0.57087 -0.372803 -0.149687 -0.36818 
-0.180639 0.832934 -0.0348539 0.0427807 0.0522735 0.138552 0.122563 0.872891 -0.0408989 -0.200587 
-0.319087 -0.0268538 -0.446429 0.191994 -0.456043 0.505923 0.560253 0.0186259 -0.317585 0.410992 
-0.332281 -0.27252 0.609619 0.682718 -0.40037 -0.144813 -0.120672 0.214976 0.066878 0.00713686 
-0.0640739 0.873341 -0.066925 0.158105 -0.286242 -0.351234 -0.147443 -0.553339 -0.00904565 0.929476 
0.568093 -0.227872 0.962528 0.171873 -0.30946 -0.230403 0.889059 -0.063229 0.368924 0.314324 
-0.183315 -0.0222512 0.107206 0.405651 -1.06764 -0.233745 0.0787409 -0.00335433 0.358425 -0.383328 
0.710377 0.0837923 0.655275 -0.0817287 0.0543152 -0.530744 -0.97949 0.00710802 -0.0521141 -0.323255 
-0.397538 -0.0919314 -0.179448 -0.680019 0.102074 -0.901216 0.152899 0.134851 -0.162322 -0.0667238 
0.097555 -0.0329382 -0.174536 -0.907193 -0.613963 0.594703 -0.545085 0.107668 0.82767 0.595938 
-0.904984 0.0501968 0.643559 -0.364925 0.0468236 0.489403 -0.346373 -0.425104 -0.589932 -0.0795314 
-0.289106 -1.34027 -0.127839 0.57423 0.0057617 -0.102136 0.0757815 0.040577 -0.120132 0.419761 
-0.442553 0.0233462 0.0638049 0.449005 0.486456 -0.159929 0.0494518 -0.0170218 1.12237 -0.344695 
-0.0612056 0.071531 0.800107 0.361994 -0.123945 0.175911 -0.122225 1.14471 -0.514625 0.0815739 
0.179027 0.624507 -0.407368 0.101158 0.400439 0.553147 0.879365 -0.00732836 -0.26518 -0.471222 
0.754186 0.247273 1.02353 0.816831 0.00187134 0.207446 0.267512 -0.383941 0.0187934 -0.0883666 
-0.211786 0.0434516 -0.0977322 -0.546021 0.0452666 0.333547 -0.34604 -0.923909 0.829 -0.0481661 
-0.249346 0.153844 -0.0269453 -0.309627 -0.405204 -0.910505 0.172768 -0.661273 -0.233867 -0.500525 
0.899734 0.479885 -0.597744 -0.143 -0.29907 -0.407158 -0.175513 -0.379318 -0.0448086 0.693707 
-0.245608 0.624225 -0.209233 0.77277 0.467526 -0.222682 -0.787404 0.0753042 0.308176 -0.645255 
-0.766938 0.411388 -0.177956 0.174149 0.303113 0.134298 0.0744624 -0.318545 -0.65685 0.679846 
0.138625 -0.539515 -0.665561 0.878443 -0.844127 0.14599 0.296466 -0.164416 0.138815 -0.588768 
-0.369558 0.830601 0.179038 -0.185747 -0.70159 0.354424 0.356272 0.316964 0.556645 -0.117553 
-0.144591 0.14096 0.312676 -0.301318 -0.207639 0.192069 -0.873813 -0.415778 -1.01343 -0.365994 
-0.662119 0.708922 -0.562191 -0.412043 0.369418 0.0636126 0.360253 0.532487 0.372953 0.679383 
0.232994 0.600884 0.576254 -0.115398 -0.154714 0.702968 -0.0250656 -0.0420325 0.277772 0.00424351 
-0.30936 0.757827 0.438997 -0.487173 0.399803 -0.340386 -0.646142 -1.03804 -0.464365 0.30152 
-0.0740582 0.0886465 0.702216 -0.262764 0.497395 -0.517163 -0.645825 0.676651 -0.064877 -0.540727 
0.577438 0.322195 0.330848 0.183575 -0.178377 -0.689569 0.552126 0.293283 -0.333647 0.141701 
-0.00641083 -0.198454 0.117334 -0.618102 0.383546 -0.252896 0.66026 -0.508804 0.276358 -0.445534 
-0.559361 -0.0406841 0.162346 -0.451344 -0.655351 -0.467814 -0.237649 0.218547 0.367927 0.344616 
-0.487462 -0.235096 1.10759 0.951914 0.566842 -0.149821 0.25668 0.242311 0.44775 0.241371 
-0.378465 0.621685 -0.436726 0.519188 -0.114559 -0.364491 0.653835 -0.570765 0.136501 -0.934409 
-0.167598 -0.339508 0.340519 -0.113887 -0.269163 0.717033 0.403452 0.019368 -1.11364 -0.385719 
0.388886 0.356935 0.0360747 -0.736081 0.18439 -0.0154814 -0.50558 -0.583624 0.657726 0.447715 
0.017951 -0.0434358 -0.6486 -0.577517 -0.337024 -0.0628711 -0.394066 -0.0414404 -0.879712 0.23149 
-0.0550971 -0.669632 0.593818 0.377829 -0.434376 0.632079 0.325593 -0.0291279 -0.269388 0.979542 
-1.16924 -0.0138305 -0.521526 0.335044 0.0797471 0.14 0.19327 -0.543808 -0.088824 -0.133493 
0.05087 -0.144451 0.144102 -0.0543078 0.270158 1.00013 0.0423367 -0.154821 -0.384203 -0.517992 
-0.154619 0.536244 -0.0221358 -0.722636 -0.0220118 0.242371 0.142206 1.2571 0.456103 -0.0125275 
-0.397841 -0.277514 0.519315 -0.797796 0.283697 -0.576567 0.69621 -0.00757175 -0.543221 -0.217822 
-0.482967 0.169944 0.870767 0.29707 0.0475103 0.099915 -0.902304 0.139221 0.0283113 -0.123696 
0.271539 1.01586 0.147444 0.0104462 -0.886895 0.414793 0.170901 -0.149352 0.0477969 -0.0745803 
-0.0592745 1.02292 -0.186663 0.65876 0.918073 -0.208413 -0.0769592 -0.103934 -0.397863 0.169199 
-0.0981747 -0.400946 0.418004 0.255278 -0.4607 -0.142248 -0.39419 0.731241 0.475055 0.803736 
0.317974 -0.0593078 0.183596 -0.239326 -0.64188 0.298104 0.0117082 0.611313 0.395662 -0.863765 
-0.431948 -0.187231 0.479161 -0.185887 0.141817 0.394199 0.639972 0.151754 -0.836928 -0.0439046 
0.378194 -0.374533 0.688708 0.454977 0.392093 -0.270369 -0.641032 -0.664019 -0.367206 -0.378325 
0.223919 0.433588 -0.115653 -0.729499 -0.717103 0.413206 -0.801864 -0.120582 -0.355168 0.435562 
0.187816 1.09737 0.316481 0.072915 0.277202 -0.452195 -0.00124213 0.604228 -0.0522235 -0.317999 
-0.414657 -0.00239955 -0.169917 -0.280037 0.581451 0.415296 -0.810363 0.364704 0.310608 0.0342362 
-0.73094 0.000801851 -0.284386 0.667863 -0.354739 -0.356448 -0.106814 -0.0319065 -0.348133 -0.561269 
0.0041641 0.750483 0.0546589 0.675445 -0.000241248 1.07531 -0.194394 -0.0446391 0.0977604 0.157889 
-0.758118 0.00128309 0.638022 -0.323924 0.0959611 0.0424205 0.410396 -0.541022 0.66442 -0.316953 
-0.332262 -0.950651 -0.329184 -0.656247 0.142486 -0.397615 0.191939 0.0710044 0.449249 0.502144 
0.646651 -0.60239 0.651908 0.341224 -0.26859 0.510857 -0.408226 0.024024 0.656045 0.0190636 
0.130858 0.331962 -0.249202 -0.243969 -0.626974 -0.7154 -0.576743 -0.0691139 0.498795 -0.598018 
-0.757606 -0.470948 0.293027 1.0239 0.196634 -0.94873 0.252903 -0.0422322 0.306179 0.34407 
0.280246 0.0310597 -0.308361 0.0234851 0.467968 -0.367975 -0.100874 0.977267 0.436256 -0.677479 
-0.552259 0.118864 -0.906814 0.299693 -0.337649 0.504964 0.0226253 0.30526 0.192092 -0.0181414 
-0.4908 0.0677077 0.221832 -0.316477 -0.273508 -0.239749 -0.297841 0.778125 -0.294724 0.481174 
0.345632 -0.316726 0.106305 -0.252304 -0.497617 -0.333145 1.10526 0.283389 0.122434 -0.113301 
-0.899351 -0.367717 0.49042 -0.124309 -0.0559291 0.0784632 0.288063 -0.0953992 -0.18181 -0.763815 
0.501721 -0.811484 -0.376316 0.260105 -0.348471 -0.043508 -0.515982 0.0574589 -0.750439 0.0749656 
0.682593 -0.126819 0.891285 0.387148 -0.274001 -0.522384 0.910627 0.285971 0.112964 0.186901 
-0.0862362 -0.358212 -0.195495 -0.270137 1.07919 -1.12283 0.0428095 0.341153 0.196344 -0.516432 
-0.306566 -0.5314 -0.49466 0.032797 0.387274 0.612693 1.23304 0.0456271 -0.0285524 0.378182 
0.153886 0.171986 -0.0640116 -1.18138 -0.570942 -0.487186 -0.0910731 -0.0829628 -0.577426 0.202042 
0.368583 -0.337255 -0.394094 -0.569505 -0.0780084 0.0511763 -0.333988 0.915067 0.837503 0.482436 
-1.33161 -0.0837948 0.378643 0.155148 -0.669337 -0.137671 -0.104855 0.252661 0.348169 -0.363675 
0.136223 1.31586 -0.107198 0.315732 0.264067 -0.360749 0.267947 0.189426 0.172606 -0.0983057 
0.260369 0.220237 0.124046 0.143238 -0.597976 0.285235 0.248343 1.27526 -0.267558 -0.593502 
-0.249842 -0.0923202 -1.11553 0.736282 -0.470376 -0.654473 -0.168117 0.268186 -0.513442 0.63707 
0.0990641 -0.308674 -0.431905 0.192685 -0.346049 -0.143686 0.26966 -0.0555011 0.803278 -0.902983 
0.687961 0.677755 -0.312104 0.0469536 0.617948 -0.0537516 -0.0989131 -0.00517711 -0.368615 0.306524 
0.376165 -0.103257 -0.0697466 -0.0683118 -0.325833 0.369573 -1.06114 0.0751474 -0.517726 -0.100037 
-0.443711 0.73259 0.18914 0.382907 -0.21282 0.658488 0.0762845 0.233722 0.225701 -0.814989 
-1.23787 0.138312 0.763532 -0.161013 0.776389 0.151665 -0.317685 -0.139987 -0.470934 0.183579 
0.0734015 -0.107939 0.386738 0.452394 0.0450988 -0.535874 0.207947 0.772619 -0.281138 -0.424583 
0.241985 -0.442217 -0.0794027 -0.150499 0.380056 0.740164 -0.017002 1.28561 0.112152 0.318079 
0.157105 0.433423 0.0774278 -0.911598 0.49559 -0.387543 -0.579149 -0.384098 0.320627 -0.840244 
-0.407881 0.415075 -0.553523 -0.406616 -0.530977 -0.403749 -0.463577 0.473764 0.0180404 0.211705 
0.26753 0.223327 1.20992 -0.315325 -0.203775 -0.259737 -0.221996 0.26079 0.3686 0.382505 
-0.0764219 -0.128362 -0.259944 0.822412 0.401902 0.0497198 -0.58303 0.0827533 0.603961 0.00596674 
-0.907872 -0.0313028 -0.162611 0.453743 0.276906 0.307678 -0.231931 -0.66021 -0.427252 0.444762 
0.241583 0.528988 -0.379037 0.0648859 0.364138 1.11916 -0.036995 0.116511 0.15441 0.118667 
-0.518377 0.429225 -0.350211 -0.0789109 0.359041 -0.334669 -0.619826 0.785969 -0.306578 -0.0735963 
-0.375457 -0.438982 0.393973 -0.0254462 -0.522119 0.585005 0.138011 0.338273 -0.208306 -0.513829 
0.174034 0.775416 -0.158309 0.867572 -0.168052 -0.182919 0.402006 0.222632 0.0778022 -0.0794576 
-0.183051 -0.272772 0.291885 -0.323507 0.377374 -0.106667 0.919052 0.44933 -0.0278485 0.651358 
0.343776 0.285541 0.641969 0.230194 1.08764 -0.0399792 -0.185269 0.162883 -0.531772 -0.229988 
-0.362817 -0.341883 -0.486605 0.307553 0.857638 -0.19677 0.0955987 0.257267 0.74388 -0.680632 
-0.528761 0.74492 0.68418 0.104647 0.308544 -0.222984 -0.23146 -0.065657 0.805979 0.130181 
0.0877123 -0.269536 0.213889 0.894703 -0.00687275 -0.0520298 -0.636066 0.189127 0.374596 0.513201 
