-0.0212696 -2.27654 -1.53161 1.24145 3.1733 3.65393 3.98375 -1.71909 4.30403 -2.78418 
-4.54461 4.99561 1.69322 -1.59389 -2.72011 1.84183 2.00892 0.299184 2.92 3.08292 
4.41282 -3.40281 4.54634 -1.40144 1.42645 3.92087 -3.16319 -1.55084 -3.77803 2.95617 
-2.2615 -0.884402 -0.740758 -3.07063 -0.941379 -1.85113 3.14045 -4.09863 -2.27876 2.87832 
1.60568 -1.92071 -0.518986 -4.08781 -1.94412 -2.44826 -2.73487 -2.46988 4.26233 -0.302822 
-4.65218 -0.399584 -2.68133 3.63645 -0.276394 -3.69479 0.984635 1.82641 0.0872486 -1.58004 
2.61098 -1.04781 2.04443 4.985 2.40761 -3.84719 -4.94681 1.08067 4.24844 -2.59994 
-2.59587 0.817901 1.15443 1.4509 -0.80137 1.1206 -0.800416 4.92525 4.96829 2.81681 
4.34786 -1.84281 -4.18103 4.37034 -4.58924 -2.63464 3.9052 1.89477 4.76478 -3.53268 
-3.5466 1.19691 -3.32752 2.89211 -1.10834 1.25374 4.60868 -1.63614 2.47739 1.2666 
