-2.16796 -0.200477 -0.0674042 -1.85868 4.70619 2.18299 -0.460006 -1.14137 -3.80405 -1.21444 
1.18079 2.73427 -2.30058 4.6826 2.37837 -2.45803 -4.05252 -1.50751 -3.33788 -1.013 
-1.36003 4.61402 -4.34875 -4.85269 -0.926248 0.637786 -0.560185 0.283778 -1.65309 -0.961037 
0.697175 4.59762 -2.99168 3.4573 0.114256 -2.38657 -0.817099 -4.57732 -1.18561 1.93743 
3.75607 1.11045 3.92474 1.35529 -0.561153 4.77789 -2.65808 -0.709732 0.0650874 -2.52903 
0.89935 4.73847 -0.600406 4.82085 -1.59429 0.969787 3.1287 4.45562 -4.61956 -0.861382 
1.7618 1.67385 -0.96331 -1.3243 -0.357616 -3.07988 1.6968 -3.99951 4.88673 -1.10125 
-2.13602 3.73469 2.63086 -1.53016 -0.94437 -4.64778 3.87212 4.42216 -4.17276 -2.77464 
0.118532 1.49162 -0.165181 4.18589 -3.5824 4.78546 3.29939 -2.21387 4.77242 1.54168 
2.34727 -0.56136 -0.962468 -4.12693 -1.13996 0.64069 -4.74796 0.688801 -1.85071 0.901639 
