0.127032 0.174458 0.599157 -0.466982 -0.144771 0.0246169 0.961246 0.675409 0.31022 -0.515999 
-0.603718 -0.123956 -0.0410164 0.694981 0.59304 -0.451102 -0.0501053 0.203783 0.549178 -0.265112 
-0.245666 -0.689138 0.0757016 0.0933963 0.664786 -0.33932 0.743043 0.00141103 -0.647557 0.458038 
-0.401869 -0.887826 -0.17936 -0.0474639 -0.359577 0.778704 0.0819822 -0.177791 0.509201 0.276443 
0.168844 -0.259843 0.65618 -0.430034 0.117856 -0.495962 -0.0410952 -0.718939 0.0246415 -0.837606 
-0.11342 0.0508452 -0.59452 0.724707 -0.80865 0.182484 0.344057 -0.200767 -0.430068 -0.536324 
-0.0259797 0.709809 0.394268 0.130891 -0.70922 -0.40573 0.363547 -0.619882 0.620207 0.452618 
-0.020399 -0.33719 0.0956756 -0.308133 -0.435826 -0.852864 -0.38318 0.466009 0.025789 -0.126835 
0.5671 -0.394985 0.544429 0.800221 -0.391426 0.228359 -0.226112 0.0510314 -0.13184 0.27675 
1.01222 -0.411656 -0.871924 -0.0531933 0.412955 0.229172 0.640201 -0.221625 0.535727 -0.0785422 
