1.48764 5 4.25805 5 -0.777069 5 0.453959 5 -4.45369 5 
-4.38283 -3.15882 2.5408 -4.88619 0.323792 1.62738 -3.25647 -0.798788 1.48505 -4.40392 
-2.19863 -2.65245 0.975438 4.2021 2.25632 -3.26311 -2.12067 -1.23519 4.63565 0.128261 
-2.75915 -1.88742 0.502394 4.61338 -1.2022 -3.08175 -4.50609 -1.44658 2.98209 3.98759 
-4.8859 -3.4923 -0.300712 -0.482691 3.70493 4.4641 -3.49896 2.35726 3.34621 -1.72288 
-0.367555 0.940523 3.15899 3.27064 0.922966 -4.33757 0.398738 -4.67968 1.59401 -0.829638 
-3.43789 -3.00066 1.66475 -4.16841 1.02861 2.6118 4.12013 -1.78836 -4.19051 2.45171 
-0.40161 4.25374 3.32847 -0.181838 -4.60415 0.715619 -0.459824 2.56659 3.62547 -4.65957 
-2.86591 -4.7049 3.84052 -2.11276 2.67777 3.74922 -1.26961 -3.23248 1.9718 2.07163 
0 0 0 0 0 0 0 0 0 0 
