0 1
0.001 0.968346
0.002 0.955153
0.003 0.944945
0.004 0.936253
0.005 0.928507
0.006 0.921416
0.007 0.914807
0.008 0.908568
0.009 0.902621
0.01 0.89691
0.011 0.891393
0.012 0.886038
0.013 0.88082
0.014 0.875717
0.015 0.870716
0.016 0.865801
0.017 0.860962
0.018 0.856191
0.019 0.85148
0.02 0.846823
0.021 0.842215
0.022 0.837653
0.023 0.833132
0.024 0.828652
0.025 0.824208
0.026 0.819802
0.027 0.81543
0.028 0.811094
0.029 0.806792
0.03 0.802524
0.031 0.798292
0.032 0.794096
0.033 0.789936
0.034 0.785815
0.035 0.781732
0.036 0.77769
0.037 0.773689
0.038 0.769733
0.039 0.765821
0.04 0.761958
0.041 0.758143
0.042 0.75438
0.043 0.750671
0.044 0.747018
0.045 0.743422
0.046 0.739887
0.047 0.736414
0.048 0.733006
0.049 0.729665
0.05 0.726393
0.051 0.723193
0.052 0.720068
0.053 0.717018
0.054 0.714047
0.055 0.711156
0.056 0.708349
0.057 0.705626
0.058 0.70299
0.059 0.700444
0.06 0.697988
0.061 0.695624
0.062 0.693356
0.063 0.691183
0.064 0.689109
0.065 0.687134
0.066 0.685259
0.067 0.683487
0.068 0.681818
0.069 0.680253
0.07 0.678794
0.071 0.677441
0.072 0.676195
0.073 0.675057
0.074 0.674027
0.075 0.673106
0.076 0.672293
0.077 0.67159
0.078 0.670996
0.079 0.670511
0.08 0.670134
0.081 0.669866
0.082 0.669706
0.083 0.669652
0.084 0.669705
0.085 0.669863
0.086 0.670125
0.087 0.670491
0.088 0.670957
0.089 0.671524
0.09 0.672188
0.091 0.67295
0.092 0.673806
0.093 0.674754
0.094 0.675792
0.095 0.676918
0.096 0.678129
0.097 0.679423
0.098 0.680797
0.099 0.682248
0.1 0.683772
0.101 0.685368
0.102 0.68703
0.103 0.688757
0.104 0.690544
0.105 0.692389
0.106 0.694286
0.107 0.696233
0.108 0.698225
0.109 0.700259
0.11 0.702329
0.111 0.704433
0.112 0.706566
0.113 0.708723
0.114 0.7109
0.115 0.713092
0.116 0.715296
0.117 0.717505
0.118 0.719716
0.119 0.721924
0.12 0.724124
0.121 0.726311
0.122 0.728481
0.123 0.730628
0.124 0.732748
0.125 0.734835
0.126 0.736885
0.127 0.738894
0.128 0.740855
0.129 0.742764
0.13 0.744617
0.131 0.746408
0.132 0.748133
0.133 0.749787
0.134 0.751365
0.135 0.752862
0.136 0.754275
0.137 0.755597
0.138 0.756826
0.139 0.757955
0.14 0.758982
0.141 0.759902
0.142 0.76071
0.143 0.761403
0.144 0.761976
0.145 0.762426
0.146 0.762749
0.147 0.762942
0.148 0.763
0.149 0.762921
0.15 0.762702
0.151 0.762338
0.152 0.761828
0.153 0.761169
0.154 0.760357
0.155 0.759391
0.156 0.758268
0.157 0.756987
0.158 0.755544
0.159 0.753939
0.16 0.752169
0.161 0.750234
0.162 0.748132
0.163 0.745861
0.164 0.743423
0.165 0.740814
0.166 0.738036
0.167 0.735088
0.168 0.731969
0.169 0.728681
0.17 0.725222
0.171 0.721595
0.172 0.717799
0.173 0.713837
0.174 0.709707
0.175 0.705414
0.176 0.700957
0.177 0.696339
0.178 0.691561
0.179 0.686626
0.18 0.681537
0.181 0.676296
0.182 0.670906
0.183 0.66537
0.184 0.65969
0.185 0.653872
0.186 0.647918
0.187 0.641832
0.188 0.635618
0.189 0.62928
0.19 0.622823
0.191 0.616252
0.192 0.60957
0.193 0.602784
0.194 0.595898
0.195 0.588917
0.196 0.581846
0.197 0.574693
0.198 0.567461
0.199 0.560157
0.2 0.552786
0.201 0.545356
0.202 0.537872
0.203 0.530341
0.204 0.522768
0.205 0.515162
0.206 0.507527
0.207 0.499872
0.208 0.492202
0.209 0.484526
0.21 0.476849
0.211 0.469179
0.212 0.461523
0.213 0.453888
0.214 0.446282
0.215 0.438711
0.216 0.431183
0.217 0.423705
0.218 0.416285
0.219 0.408929
0.22 0.401646
0.221 0.394441
0.222 0.387323
0.223 0.380299
0.224 0.373375
0.225 0.366559
0.226 0.359859
0.227 0.35328
0.228 0.34683
0.229 0.340515
0.23 0.334343
0.231 0.32832
0.232 0.322452
0.233 0.316746
0.234 0.311209
0.235 0.305845
0.236 0.300663
0.237 0.295666
0.238 0.290861
0.239 0.286253
0.24 0.281848
0.241 0.277652
0.242 0.273668
0.243 0.269902
0.244 0.266358
0.245 0.263042
0.246 0.259956
0.247 0.257105
0.248 0.254493
0.249 0.252124
0.25 0.25
0.251 0.248125
0.252 0.246501
0.253 0.245132
0.254 0.244019
0.255 0.243164
0.256 0.24257
0.257 0.242238
0.258 0.242169
0.259 0.242364
0.26 0.242823
0.261 0.243549
0.262 0.244539
0.263 0.245795
0.264 0.247316
0.265 0.249102
0.266 0.251151
0.267 0.253461
0.268 0.256033
0.269 0.258863
0.27 0.26195
0.271 0.265291
0.272 0.268884
0.273 0.272726
0.274 0.276813
0.275 0.281141
0.276 0.285708
0.277 0.290509
0.278 0.295539
0.279 0.300794
0.28 0.30627
0.281 0.31196
0.282 0.31786
0.283 0.323964
0.284 0.330265
0.285 0.336759
0.286 0.343437
0.287 0.350295
0.288 0.357324
0.289 0.364518
0.29 0.371869
0.291 0.379369
0.292 0.387012
0.293 0.394789
0.294 0.402692
0.295 0.410713
0.296 0.418843
0.297 0.427073
0.298 0.435395
0.299 0.443799
0.3 0.452277
0.301 0.46082
0.302 0.469417
0.303 0.47806
0.304 0.486739
0.305 0.495444
0.306 0.504166
0.307 0.512894
0.308 0.521619
0.309 0.530331
0.31 0.539019
0.311 0.547674
0.312 0.556285
0.313 0.564843
0.314 0.573338
0.315 0.581758
0.316 0.590095
0.317 0.598339
0.318 0.606478
0.319 0.614504
0.32 0.622406
0.321 0.630175
0.322 0.6378
0.323 0.645273
0.324 0.652583
0.325 0.659722
0.326 0.66668
0.327 0.673447
0.328 0.680016
0.329 0.686376
0.33 0.692519
0.331 0.698438
0.332 0.704122
0.333 0.709566
0.334 0.714759
0.335 0.719695
0.336 0.724367
0.337 0.728766
0.338 0.732887
0.339 0.736722
0.34 0.740264
0.341 0.743508
0.342 0.746448
0.343 0.749077
0.344 0.751392
0.345 0.753385
0.346 0.755054
0.347 0.756393
0.348 0.757398
0.349 0.758066
0.35 0.758392
0.351 0.758374
0.352 0.75801
0.353 0.757295
0.354 0.75623
0.355 0.754811
0.356 0.753037
0.357 0.750908
0.358 0.748422
0.359 0.745579
0.36 0.74238
0.361 0.738825
0.362 0.734915
0.363 0.73065
0.364 0.726033
0.365 0.721065
0.366 0.715749
0.367 0.710087
0.368 0.704083
0.369 0.697739
0.37 0.69106
0.371 0.68405
0.372 0.676713
0.373 0.669054
0.374 0.661079
0.375 0.652793
0.376 0.644201
0.377 0.635311
0.378 0.626129
0.379 0.616662
0.38 0.606917
0.381 0.596902
0.382 0.586624
0.383 0.576093
0.384 0.565316
0.385 0.554303
0.386 0.543062
0.387 0.531603
0.388 0.519936
0.389 0.50807
0.39 0.496017
0.391 0.483786
0.392 0.471387
0.393 0.458833
0.394 0.446134
0.395 0.433301
0.396 0.420347
0.397 0.407282
0.398 0.394118
0.399 0.380868
0.4 0.367544
0.401 0.354159
0.402 0.340724
0.403 0.327252
0.404 0.313755
0.405 0.300248
0.406 0.286742
0.407 0.27325
0.408 0.259786
0.409 0.246362
0.41 0.232991
0.411 0.219686
0.412 0.20646
0.413 0.193327
0.414 0.180299
0.415 0.167389
0.416 0.15461
0.417 0.141974
0.418 0.129495
0.419 0.117185
0.42 0.105056
0.421 0.093121
0.422 0.0813918
0.423 0.0698806
0.424 0.0585992
0.425 0.0475594
0.426 0.0367726
0.427 0.0262502
0.428 0.0160032
0.429 0.00604258
0.43 -0.00362116
0.431 -0.0129776
0.432 -0.0220167
0.433 -0.0307287
0.434 -0.0391039
0.435 -0.0471331
0.436 -0.0548076
0.437 -0.0621185
0.438 -0.0690578
0.439 -0.0756174
0.44 -0.0817898
0.441 -0.0875678
0.442 -0.0929446
0.443 -0.0979136
0.444 -0.102469
0.445 -0.106605
0.446 -0.110315
0.447 -0.113597
0.448 -0.116444
0.449 -0.118853
0.45 -0.12082
0.451 -0.122343
0.452 -0.123418
0.453 -0.124042
0.454 -0.124215
0.455 -0.123935
0.456 -0.123201
0.457 -0.122012
0.458 -0.120368
0.459 -0.11827
0.46 -0.115719
0.461 -0.112716
0.462 -0.109263
0.463 -0.105361
0.464 -0.101015
0.465 -0.0962271
0.466 -0.0910008
0.467 -0.0853405
0.468 -0.0792507
0.469 -0.0727365
0.47 -0.0658034
0.471 -0.0584574
0.472 -0.0507048
0.473 -0.0425525
0.474 -0.0340077
0.475 -0.0250782
0.476 -0.015772
0.477 -0.00609763
0.478 0.00393589
0.479 0.0143193
0.48 0.0250428
0.481 0.0360963
0.482 0.0474693
0.483 0.059151
0.484 0.0711301
0.485 0.0833952
0.486 0.0959343
0.487 0.108735
0.488 0.121785
0.489 0.135072
0.49 0.148582
0.491 0.162301
0.492 0.176217
0.493 0.190316
0.494 0.204582
0.495 0.219003
0.496 0.233562
0.497 0.248246
0.498 0.263039
0.499 0.277927
0.5 0.292893
0.501 0.307923
0.502 0.323001
0.503 0.338112
0.504 0.353238
0.505 0.368366
0.506 0.383478
0.507 0.398559
0.508 0.413593
0.509 0.428564
0.51 0.443456
0.511 0.458252
0.512 0.472938
0.513 0.487497
0.514 0.501913
0.515 0.51617
0.516 0.530253
0.517 0.544147
0.518 0.557836
0.519 0.571305
0.52 0.584538
0.521 0.597521
0.522 0.61024
0.523 0.622679
0.524 0.634824
0.525 0.646662
0.526 0.658179
0.527 0.669361
0.528 0.680195
0.529 0.690668
0.53 0.700768
0.531 0.710482
0.532 0.719799
0.533 0.728707
0.534 0.737195
0.535 0.745252
0.536 0.752867
0.537 0.760031
0.538 0.766735
0.539 0.772969
0.54 0.778724
0.541 0.783992
0.542 0.788766
0.543 0.793037
0.544 0.796801
0.545 0.800049
0.546 0.802776
0.547 0.804978
0.548 0.806648
0.549 0.807784
0.55 0.80838
0.551 0.808434
0.552 0.807944
0.553 0.806906
0.554 0.80532
0.555 0.803184
0.556 0.800498
0.557 0.797261
0.558 0.793475
0.559 0.789141
0.56 0.78426
0.561 0.778835
0.562 0.772868
0.563 0.766363
0.564 0.759323
0.565 0.751754
0.566 0.74366
0.567 0.735047
0.568 0.725921
0.569 0.716288
0.57 0.706156
0.571 0.695533
0.572 0.684427
0.573 0.672846
0.574 0.6608
0.575 0.648299
0.576 0.635352
0.577 0.621972
0.578 0.608168
0.579 0.593953
0.58 0.579338
0.581 0.564337
0.582 0.548962
0.583 0.533227
0.584 0.517145
0.585 0.500732
0.586 0.484
0.587 0.466967
0.588 0.449646
0.589 0.432053
0.59 0.414205
0.591 0.396118
0.592 0.377809
0.593 0.359294
0.594 0.340591
0.595 0.321716
0.596 0.302688
0.597 0.283525
0.598 0.264244
0.599 0.244864
0.6 0.225403
0.601 0.20588
0.602 0.186314
0.603 0.166722
0.604 0.147124
0.605 0.12754
0.606 0.107987
0.607 0.088485
0.608 0.069053
0.609 0.0497099
0.61 0.0304747
0.611 0.0113662
0.612 -0.00759651
0.613 -0.0263948
0.614 -0.04501
0.615 -0.0634235
0.616 -0.0816169
0.617 -0.099572
0.618 -0.117271
0.619 -0.134695
0.62 -0.151828
0.621 -0.168651
0.622 -0.185147
0.623 -0.201301
0.624 -0.217094
0.625 -0.232511
0.626 -0.247536
0.627 -0.262153
0.628 -0.276347
0.629 -0.290103
0.63 -0.303406
0.631 -0.316243
0.632 -0.3286
0.633 -0.340463
0.634 -0.35182
0.635 -0.362658
0.636 -0.372966
0.637 -0.382732
0.638 -0.391946
0.639 -0.400598
0.64 -0.408676
0.641 -0.416173
0.642 -0.423079
0.643 -0.429387
0.644 -0.435089
0.645 -0.440178
0.646 -0.444647
0.647 -0.448492
0.648 -0.451706
0.649 -0.454285
0.65 -0.456226
0.651 -0.457524
0.652 -0.458179
0.653 -0.458186
0.654 -0.457546
0.655 -0.456257
0.656 -0.454319
0.657 -0.451733
0.658 -0.4485
0.659 -0.444622
0.66 -0.440101
0.661 -0.434941
0.662 -0.429146
0.663 -0.422719
0.664 -0.415667
0.665 -0.407995
0.666 -0.399708
0.667 -0.390816
0.668 -0.381324
0.669 -0.371241
0.67 -0.360577
0.671 -0.34934
0.672 -0.337541
0.673 -0.325191
0.674 -0.3123
0.675 -0.298881
0.676 -0.284946
0.677 -0.270508
0.678 -0.255581
0.679 -0.240178
0.68 -0.224315
0.681 -0.208006
0.682 -0.191267
0.683 -0.174113
0.684 -0.156562
0.685 -0.138631
0.686 -0.120336
0.687 -0.101695
0.688 -0.0827273
0.689 -0.0634507
0.69 -0.0438841
0.691 -0.024047
0.692 -0.00395878
0.693 0.0163605
0.694 0.0368907
0.695 0.0576114
0.696 0.0785019
0.697 0.0995412
0.698 0.120708
0.699 0.141982
0.7 0.16334
0.701 0.184762
0.702 0.206225
0.703 0.227707
0.704 0.249188
0.705 0.270644
0.706 0.292053
0.707 0.313394
0.708 0.334645
0.709 0.355783
0.71 0.376787
0.711 0.397635
0.712 0.418304
0.713 0.438773
0.714 0.459021
0.715 0.479026
0.716 0.498768
0.717 0.518224
0.718 0.537375
0.719 0.556199
0.72 0.574677
0.721 0.592789
0.722 0.610514
0.723 0.627834
0.724 0.64473
0.725 0.661183
0.726 0.677175
0.727 0.692688
0.728 0.707704
0.729 0.722208
0.73 0.736182
0.731 0.749611
0.732 0.762478
0.733 0.77477
0.734 0.786471
0.735 0.797568
0.736 0.808048
0.737 0.817898
0.738 0.827106
0.739 0.83566
0.74 0.843549
0.741 0.850764
0.742 0.857294
0.743 0.863132
0.744 0.868267
0.745 0.872694
0.746 0.876405
0.747 0.879393
0.748 0.881654
0.749 0.883183
0.75 0.883975
0.751 0.884027
0.752 0.883337
0.753 0.881902
0.754 0.879723
0.755 0.876797
0.756 0.873127
0.757 0.868712
0.758 0.863554
0.759 0.857657
0.76 0.851023
0.761 0.843657
0.762 0.835564
0.763 0.826748
0.764 0.817217
0.765 0.806977
0.766 0.796037
0.767 0.784404
0.768 0.772088
0.769 0.759099
0.77 0.745447
0.771 0.731143
0.772 0.716201
0.773 0.700632
0.774 0.684449
0.775 0.667667
0.776 0.6503
0.777 0.632363
0.778 0.613873
0.779 0.594845
0.78 0.575296
0.781 0.555245
0.782 0.534709
0.783 0.513707
0.784 0.492257
0.785 0.47038
0.786 0.448096
0.787 0.425425
0.788 0.402389
0.789 0.379007
0.79 0.355304
0.791 0.3313
0.792 0.307019
0.793 0.282482
0.794 0.257714
0.795 0.232738
0.796 0.207577
0.797 0.182256
0.798 0.156798
0.799 0.131229
0.8 0.105573
0.801 0.0798539
0.802 0.0540975
0.803 0.0283284
0.804 0.00257161
0.805 -0.0231477
0.806 -0.0488044
0.807 -0.0743734
0.808 -0.0998296
0.809 -0.125148
0.81 -0.150304
0.811 -0.175272
0.812 -0.200028
0.813 -0.224546
0.814 -0.248804
0.815 -0.272776
0.816 -0.296438
0.817 -0.319767
0.818 -0.34274
0.819 -0.365332
0.82 -0.387522
0.821 -0.409287
0.822 -0.430605
0.823 -0.451453
0.824 -0.471811
0.825 -0.491658
0.826 -0.510974
0.827 -0.529737
0.828 -0.54793
0.829 -0.565533
0.83 -0.582527
0.831 -0.598896
0.832 -0.614621
0.833 -0.629686
0.834 -0.644076
0.835 -0.657774
0.836 -0.670766
0.837 -0.683038
0.838 -0.694576
0.839 -0.705368
0.84 -0.715403
0.841 -0.724668
0.842 -0.733153
0.843 -0.740848
0.844 -0.747745
0.845 -0.753835
0.846 -0.759112
0.847 -0.763567
0.848 -0.767196
0.849 -0.769993
0.85 -0.771954
0.851 -0.773077
0.852 -0.773357
0.853 -0.772794
0.854 -0.771387
0.855 -0.769136
0.856 -0.766041
0.857 -0.762104
0.858 -0.757327
0.859 -0.751715
0.86 -0.74527
0.861 -0.737999
0.862 -0.729907
0.863 -0.721
0.864 -0.711287
0.865 -0.700774
0.866 -0.689473
0.867 -0.677392
0.868 -0.664542
0.869 -0.650935
0.87 -0.636583
0.871 -0.621499
0.872 -0.605697
0.873 -0.589192
0.874 -0.571998
0.875 -0.554133
0.876 -0.535612
0.877 -0.516453
0.878 -0.496675
0.879 -0.476295
0.88 -0.455334
0.881 -0.433811
0.882 -0.411748
0.883 -0.389164
0.884 -0.366083
0.885 -0.342526
0.886 -0.318516
0.887 -0.294077
0.888 -0.269232
0.889 -0.244006
0.89 -0.218423
0.891 -0.192509
0.892 -0.166289
0.893 -0.139789
0.894 -0.113035
0.895 -0.0860532
0.896 -0.0588713
0.897 -0.031516
0.898 -0.00401451
0.899 0.0236056
0.9 0.0513167
0.901 0.0790909
0.902 0.1069
0.903 0.134717
0.904 0.162512
0.905 0.190258
0.906 0.217927
0.907 0.24549
0.908 0.27292
0.909 0.300188
0.91 0.327266
0.911 0.354127
0.912 0.380743
0.913 0.407086
0.914 0.433129
0.915 0.458845
0.916 0.484207
0.917 0.50919
0.918 0.533766
0.919 0.55791
0.92 0.581596
0.921 0.6048
0.922 0.627497
0.923 0.649662
0.924 0.671272
0.925 0.692305
0.926 0.712736
0.927 0.732545
0.928 0.751709
0.929 0.770208
0.93 0.788021
0.931 0.805129
0.932 0.821512
0.933 0.837153
0.934 0.852034
0.935 0.866137
0.936 0.879447
0.937 0.891948
0.938 0.903626
0.939 0.914467
0.94 0.924457
0.941 0.933585
0.942 0.941838
0.943 0.949208
0.944 0.955683
0.945 0.961254
0.946 0.965915
0.947 0.969658
0.948 0.972476
0.949 0.974365
0.95 0.975321
0.951 0.975338
0.952 0.974417
0.953 0.972553
0.954 0.969748
0.955 0.966001
0.956 0.961314
0.957 0.955689
0.958 0.949128
0.959 0.941636
0.96 0.933218
0.961 0.92388
0.962 0.913629
0.963 0.902472
0.964 0.890418
0.965 0.877477
0.966 0.863659
0.967 0.848976
0.968 0.83344
0.969 0.817063
0.97 0.799861
0.971 0.781847
0.972 0.763038
0.973 0.74345
0.974 0.723101
0.975 0.702008
0.976 0.680191
0.977 0.657669
0.978 0.634462
0.979 0.610592
0.98 0.58608
0.981 0.560949
0.982 0.535223
0.983 0.508924
0.984 0.482078
0.985 0.454709
0.986 0.426843
0.987 0.398506
0.988 0.369725
0.989 0.340527
0.99 0.310939
0.991 0.28099
0.992 0.250708
0.993 0.220122
0.994 0.189262
0.995 0.158155
0.996 0.126834
0.997 0.0953271
0.998 0.0636654
0.999 0.0318795
