1 0
1 8.93192e-11
1 5.68755e-09
1 6.44116e-08
1 3.59566e-07
0.999999 1.3618e-06
0.999998 4.03425e-06
0.999995 1.00855e-05
0.999989 2.22635e-05
0.999978 4.46829e-05
0.999958 8.31777e-05
0.999927 0.00014567
0.999879 0.000242546
0.999806 0.000387027
0.999702 0.000595532
0.999556 0.00088801
0.999356 0.00128825
0.999088 0.00182411
0.998735 0.00252778
0.998281 0.00343584
0.997703 0.0045894
0.996978 0.00603402
0.996083 0.00781962
0.994987 0.0100003
0.993663 0.0126339
0.992078 0.0157818
0.990198 0.0195082
0.987988 0.0238793
0.985412 0.028963
0.982432 0.0348277
0.979009 0.0415412
0.975105 0.04917
0.970681 0.0577778
0.965699 0.0674245
0.960122 0.078165
0.953914 0.0900476
0.947041 0.103113
0.939472 0.117393
0.931177 0.13291
0.922131 0.149674
0.912313 0.167684
0.901706 0.186926
0.890297 0.207371
0.878078 0.228979
0.865047 0.251694
0.851208 0.275445
0.83657 0.300151
0.821149 0.325714
0.804968 0.352027
0.788054 0.37897
0.770445 0.406415
0.752181 0.434224
0.733311 0.462255
0.713889 0.490362
0.693978 0.518395
0.673643 0.546205
0.652957 0.573648
0.631997 0.60058
0.610846 0.626868
0.58959 0.652384
0.568319 0.677013
0.547127 0.700652
0.526109 0.723209
0.505362 0.744609
0.484986 0.764789
0.465077 0.783703
0.445736 0.801319
0.427059 0.817621
0.409141 0.832604
0.392075 0.846277
0.375951 0.858661
0.360852 0.869786
0.346861 0.879687
0.334052 0.888409
0.322494 0.895998
0.312249 0.902501
0.303374 0.907964
0.295916 0.912434
0.289915 0.915949
0.285404 0.918545
0.282406 0.920247
0.280936 0.921075
0.281001 0.921038
0.282598 0.920139
0.285715 0.918367
0.290334 0.915706
0.296427 0.912131
0.303956 0.907611
0.312878 0.902107
0.323142 0.89558
0.334688 0.887984
0.347453 0.879277
0.361364 0.869416
0.376346 0.858363
0.392318 0.846086
0.409194 0.83256
0.426886 0.817768
0.445302 0.801706
0.464349 0.78438
0.483932 0.76581
0.503956 0.746028
0.524326 0.725083
0.544946 0.703034
0.565725 0.679955
0.586571 0.655935
0.607395 0.631071
0.628113 0.605474
0.648643 0.579262
0.668909 0.552561
0.688837 0.525504
0.70836 0.498226
0.727416 0.470866
0.745948 0.443561
0.763906 0.416447
0.781245 0.389656
0.797926 0.363315
0.813915 0.337542
0.829187 0.31245
0.84372 0.288137
0.857499 0.264696
0.870515 0.242204
0.882764 0.220728
0.894247 0.200322
0.90497 0.181028
0.914944 0.162877
0.924184 0.145885
0.932707 0.130058
0.940536 0.115392
0.947696 0.101872
0.954215 0.0894741
0.960122 0.0781664
0.965448 0.0679097
0.970228 0.0586586
0.974493 0.0503628
0.97828 0.0429681
0.981623 0.0364172
0.984555 0.030651
0.987112 0.0256092
0.989327 0.0212315
0.991232 0.0174582
0.992859 0.0142306
0.994237 0.0114921
0.995395 0.00918852
0.996359 0.00726845
0.997154 0.00568359
0.997803 0.0043891
0.998327 0.00334368
0.998744 0.00250972
0.999073 0.00185329
0.999328 0.00134412
0.999522 0.000955529
0.999668 0.000664241
0.999775 0.000450243
0.999852 0.000296556
0.999905 0.000188999
0.999942 0.000115933
0.999966 6.79863e-05
0.999981 3.77851e-05
0.99999 1.96731e-05
0.999995 9.44469e-06
0.999998 4.0877e-06
0.999999 1.54227e-06
1 4.80943e-07
1 1.1304e-07
1 1.66976e-08
1 9.9281e-10
1 4.05365e-12
1 6.30607e-14
1 2.57246e-10
1 7.34978e-09
1 6.20975e-08
1 2.97724e-07
0.999999 1.02717e-06
0.999999 2.85697e-06
0.999997 6.82452e-06
0.999993 1.45552e-05
0.999986 2.84351e-05
0.999974 5.17959e-05
0.999955 8.91056e-05
0.999927 0.000146162
0.999885 0.000230283
0.999825 0.000350488
0.999741 0.00051767
0.999628 0.00074474
0.999476 0.00104676
0.999279 0.00144105
0.999026 0.00194723
0.998706 0.00258727
0.998306 0.00338549
0.997813 0.00436849
0.997214 0.00556504
0.996491 0.00700594
0.995629 0.00872384
0.994609 0.010753
0.993414 0.0131288
0.992024 0.0158878
0.990421 0.0190669
0.988583 0.0227032
0.986492 0.0268333
0.984127 0.0314931
0.98147 0.0367167
0.978501 0.0425366
0.975201 0.0489824
0.971555 0.0560808
0.967546 0.0638545
0.96316 0.0723223
0.958385 0.0814979
0.95321 0.09139
0.947628 0.102002
0.941632 0.11333
0.935219 0.125365
0.92839 0.138091
0.921148 0.151487
0.913497 0.165523
0.905448 0.180163
0.897013 0.195367
0.888209 0.211086
0.879053 0.227266
0.869569 0.243849
0.859783 0.260772
0.849725 0.277968
0.839425 0.295365
0.82892 0.312891
0.818248 0.330469
0.80745 0.348025
0.796568 0.36548
0.785647 0.382759
0.774734 0.399787
0.763878 0.416491
0.753128 0.432799
0.742534 0.448644
0.732146 0.463962
0.722017 0.478692
0.712195 0.492779
0.70273 0.50617
0.693671 0.51882
0.685066 0.530685
0.676958 0.541728
0.669391 0.551916
0.662406 0.561218
0.65604 0.569612
0.650327 0.577075
0.645299 0.58359
0.640982 0.589142
0.6374 0.593721
0.634573 0.597318
0.632514 0.599926
0.631236 0.601541
0.630744 0.602162
0.63104 0.601789
0.632121 0.600424
0.63398 0.59807
0.636605 0.594734
0.639981 0.590424
0.644088 0.585151
0.648901 0.578927
0.654394 0.571769
0.660534 0.563695
0.667288 0.554726
0.674618 0.54489
0.682485 0.534215
0.690844 0.522734
0.699654 0.510485
0.708866 0.497509
0.718435 0.483852
0.728311 0.469563
0.738446 0.454697
0.748791 0.439312
0.759298 0.423467
0.769917 0.407228
0.780602 0.390661
0.791306 0.373836
0.801984 0.356822
0.812593 0.339692
0.823093 0.322518
0.833444 0.305372
0.843609 0.288323
0.853556 0.271441
0.863254 0.254793
0.872673 0.238442
0.881789 0.222448
0.890581 0.206866
0.899028 0.191749
0.907116 0.177141
0.914831 0.163084
0.922164 0.149613
0.929109 0.136757
0.93566 0.12454
0.941818 0.112979
0.947583 0.102086
0.95296 0.0918681
0.957954 0.0823248
0.962574 0.0734521
0.966829 0.0652408
0.970733 0.0576773
0.974298 0.0507438
0.977538 0.0444193
0.98047 0.0386793
0.983109 0.033497
0.985473 0.0288434
0.987579 0.0246878
0.989445 0.0209984
0.991089 0.0177424
0.992529 0.014887
0.993781 0.0123993
0.994863 0.0102469
0.995792 0.00839806
0.996583 0.00682212
0.997251 0.00548969
0.997811 0.00437287
0.998276 0.00344538
0.998658 0.00268274
0.998968 0.00206232
0.999218 0.0015634
0.999416 0.00116719
0.999571 0.000856858
0.999691 0.000617429
0.999782 0.000435769
0.99985 0.000300483
0.999899 0.000201818
0.999934 0.000131543
0.999959 8.28251e-05
0.999975 5.00906e-05
0.999986 2.88849e-05
0.999992 1.57309e-05
0.999996 7.98805e-06
0.999998 3.71553e-06
0.999999 1.54305e-06
1 5.50356e-07
1 1.58248e-07
1 3.27435e-08
1 3.8446e-09
1 1.33491e-10
1 3.24185e-14
1 2.07012e-12
1 5.02975e-10
1 8.39189e-09
1 5.63588e-08
1 2.37876e-07
1 7.56733e-07
0.999999 1.9897e-06
0.999998 4.5606e-06
0.999995 9.42395e-06
0.999991 1.79559e-05
0.999984 3.20506e-05
0.999973 5.42186e-05
0.999956 8.76865e-05
0.999932 0.000136493
0.999897 0.000205583
0.99985 0.000300887
0.999785 0.000429403
0.9997 0.000599252
0.99959 0.000819729
0.999449 0.00110133
0.999272 0.00145578
0.999052 0.001896
0.998781 0.0024361
0.998453 0.0030913
0.998059 0.00387788
0.997591 0.00481309
0.997038 0.00591497
0.996392 0.00720227
0.995643 0.00869422
0.994781 0.0104104
0.993796 0.0123704
0.992676 0.0145939
0.991413 0.0170999
0.989996 0.0199071
0.988416 0.0230329
0.986664 0.0264939
0.984731 0.0303051
0.982609 0.0344798
0.980291 0.0390293
0.977772 0.0439626
0.975045 0.0492864
0.972109 0.0550046
0.968959 0.0611183
0.965595 0.0676253
0.962018 0.0745207
0.95823 0.081796
0.954233 0.0894395
0.950034 0.0974361
0.945639 0.105767
0.941057 0.114412
0.936299 0.123345
0.931376 0.132538
0.926304 0.141961
0.921096 0.151582
0.915771 0.161363
0.910347 0.171268
0.904844 0.181258
0.899283 0.191291
0.893686 0.201325
0.888078 0.211317
0.882482 0.221225
0.876924 0.231005
0.871428 0.240613
0.866022 0.250007
0.86073 0.259144
0.855579 0.267985
0.850594 0.276489
0.845802 0.284619
0.841226 0.292339
0.83689 0.299615
0.832818 0.306415
0.82903 0.312709
0.825548 0.318471
0.822389 0.323676
0.819572 0.328302
0.81711 0.332331
0.815018 0.335745
0.813308 0.338531
0.811987 0.340677
0.811063 0.342177
0.810541 0.343023
0.810423 0.343214
0.81071 0.34275
0.811398 0.341633
0.812485 0.339869
0.813962 0.337466
0.815822 0.334435
0.818053 0.33079
0.820642 0.326547
0.823575 0.321725
0.826834 0.316345
0.830403 0.310431
0.83426 0.30401
0.838386 0.297109
0.842757 0.28976
0.847352 0.281995
0.852145 0.273848
0.857113 0.265357
0.862231 0.256557
0.867473 0.24749
0.872815 0.238194
0.878231 0.22871
0.883697 0.219079
0.889189 0.209343
0.894683 0.199543
0.900156 0.18972
0.905586 0.179914
0.910954 0.170163
0.916238 0.160507
0.921422 0.150981
0.926488 0.14162
0.931421 0.132456
0.936206 0.123518
0.940832 0.114835
0.945288 0.106431
0.949564 0.0983276
0.953654 0.0905448
0.95755 0.0830982
0.961249 0.076001
0.964747 0.0692634
0.968043 0.0628924
0.971137 0.0568924
0.97403 0.0512648
0.976725 0.0460084
0.979224 0.0411195
0.981533 0.0365921
0.983658 0.0324179
0.985603 0.0285869
0.987377 0.0250872
0.988987 0.0219055
0.990441 0.0190272
0.991748 0.0164367
0.992916 0.0141175
0.993955 0.0120526
0.994875 0.0102247
0.995683 0.00861623
0.996389 0.00720971
0.997002 0.00598787
0.99753 0.00493378
0.997982 0.00403105
0.998367 0.00326392
0.99869 0.00261738
0.998961 0.00207724
0.999185 0.00163022
0.999368 0.001264
0.999516 0.000967232
0.999635 0.000729582
0.999729 0.000541716
0.999802 0.000395294
0.999859 0.00028294
0.999901 0.000198206
0.999932 0.000135527
0.999955 9.01596e-05
0.999971 5.81239e-05
0.999982 3.61343e-05
0.999989 2.15284e-05
0.999994 1.21946e-05
0.999997 6.49869e-06
0.999998 3.21219e-06
0.999999 1.44355e-06
1 5.72824e-07
1 1.9182e-07
1 5.02443e-08
1 8.9289e-09
1 7.82141e-10
1 1.21851e-11
1 0
1 1.20881e-11
1 7.69726e-10
1 8.71716e-09
1 4.8662e-08
1 1.84299e-07
1 5.45977e-07
0.999999 1.36493e-06
0.999998 3.01305e-06
0.999997 6.04723e-06
0.999994 1.12571e-05
0.99999 1.97149e-05
0.999984 3.28267e-05
0.999974 5.23828e-05
0.99996 8.06069e-05
0.99994 0.000120202
0.999913 0.000174394
0.999877 0.000246964
0.999829 0.000342285
0.999767 0.000465337
0.999689 0.000621725
0.999591 0.000817684
0.99947 0.00106007
0.999322 0.00135633
0.999142 0.00171452
0.998928 0.00214318
0.998673 0.00265139
0.998374 0.0032486
0.998026 0.00394462
0.997622 0.00474953
0.997159 0.00567355
0.996631 0.00672696
0.996032 0.00791996
0.995358 0.00926259
0.994603 0.0107646
0.993763 0.0124352
0.992833 0.014283
0.991808 0.0163162
0.990686 0.0185417
0.989462 0.0209658
0.988133 0.0235933
0.986697 0.0264283
0.985153 0.029473
0.9835 0.0327285
0.981736 0.0361942
0.979863 0.0398682
0.977882 0.0437466
0.975795 0.0478238
0.973605 0.0520928
0.971316 0.0565447
0.968933 0.0611687
0.966461 0.0659525
0.963908 0.0708823
0.961279 0.0759424
0.958584 0.0811159
0.955832 0.0863845
0.953033 0.0917285
0.950196 0.0971272
0.947334 0.102559
0.944457 0.108001
0.941578 0.11343
0.93871 0.118823
0.935866 0.124155
0.933058 0.129403
0.9303 0.134541
0.927606 0.139547
0.924989 0.144396
0.922461 0.149066
0.920036 0.153534
0.917726 0.157778
0.915544 0.161779
0.913501 0.165516
0.911607 0.168972
0.909874 0.17213
0.908309 0.174974
0.906923 0.177491
0.905722 0.179668
0.904713 0.181495
0.9039 0.182964
0.90329 0.184067
0.902884 0.1848
0.902685 0.185159
0.902694 0.185143
0.90291 0.184753
0.903332 0.183991
0.903957 0.182861
0.904782 0.18137
0.905801 0.179525
0.907008 0.177336
0.908397 0.174815
0.90996 0.171973
0.911687 0.168826
0.91357 0.16539
0.915598 0.161681
0.917759 0.157718
0.920043 0.153521
0.922437 0.149109
0.92493 0.144505
0.927508 0.13973
0.930158 0.134806
0.932868 0.129758
0.935624 0.124607
0.938415 0.119377
0.941227 0.114091
0.944048 0.108773
0.946867 0.103443
0.949671 0.0981258
0.952449 0.0928408
0.955192 0.0876089
0.957889 0.0824493
0.960531 0.0773806
0.96311 0.0724196
0.965618 0.0675821
0.968048 0.0628827
0.970395 0.058334
0.972652 0.0539477
0.974816 0.0497335
0.976883 0.0456998
0.97885 0.0418532
0.980715 0.0381989
0.982476 0.0347407
0.984134 0.0314806
0.985688 0.0284193
0.987139 0.0255563
0.988489 0.0228896
0.989739 0.020416
0.990893 0.0181313
0.991952 0.0160304
0.992921 0.014107
0.993804 0.0123543
0.994603 0.0107648
0.995324 0.00933028
0.995971 0.0080423
0.996548 0.006892
0.997061 0.0058703
0.997513 0.00496805
0.99791 0.00417607
0.998256 0.00348527
0.998556 0.00288671
0.998813 0.0023717
0.999034 0.00193186
0.99922 0.00155917
0.999377 0.00124601
0.999507 0.000985228
0.999615 0.000770138
0.999703 0.000594565
0.999774 0.000452846
0.99983 0.000339838
0.999875 0.000250916
0.999909 0.00018196
0.999935 0.000129343
0.999955 8.99082e-05
0.99997 6.09397e-05
0.99998 4.01371e-05
0.999987 2.55793e-05
0.999992 1.56902e-05
0.999995 9.20108e-06
0.999997 5.1137e-06
0.999999 2.66247e-06
0.999999 1.2782e-06
1 5.5321e-07
1 2.08723e-07
1 6.50885e-08
1 1.52982e-08
1 2.25978e-09
1 1.34362e-10
1 5.48672e-13
1 8.43769e-15
1 3.48144e-11
1 9.94684e-10
1 8.40398e-09
1 4.02925e-08
1 1.39013e-07
1 3.8665e-07
1 9.23599e-07
0.999999 1.96983e-06
0.999998 3.8483e-06
0.999996 7.0099e-06
0.999994 1.20594e-05
0.99999 1.97815e-05
0.999984 3.1167e-05
0.999976 4.7437e-05
0.999965 7.00668e-05
0.99995 0.000100806
0.999929 0.000141696
0.999902 0.000195085
0.999868 0.000263639
0.999825 0.000350345
0.999771 0.000458513
0.999704 0.00059177
0.999623 0.000754054
0.999525 0.000949591
0.999408 0.00118288
0.99927 0.00145866
0.999109 0.00178187
0.998921 0.00215762
0.998704 0.00259116
0.998455 0.0030878
0.998172 0.00365285
0.997852 0.00429161
0.997492 0.00500925
0.99709 0.00581079
0.996644 0.00670101
0.99615 0.00768439
0.995608 0.00876502
0.995014 0.00994657
0.994368 0.0112322
0.993668 0.0126245
0.992912 0.0141254
0.992101 0.0157362
0.991233 0.0174574
0.990309 0.0192887
0.989328 0.0212291
0.988293 0.0232767
0.987204 0.0254286
0.986062 0.0276812
0.984871 0.0300298
0.983632 0.0324689
0.982348 0.0349922
0.981024 0.0375924
0.979662 0.0402615
0.978269 0.0429906
0.976847 0.0457701
0.975403 0.0485898
0.973941 0.0514386
0.972468 0.0543052
0.97099 0.0571776
0.969514 0.0600435
0.968044 0.0628902
0.966589 0.0657048
0.965156 0.0684744
0.96375 0.071186
0.962379 0.0738266
0.96105 0.0763833
0.959769 0.0788437
0.958543 0.0811955
0.957378 0.0834269
0.956281 0.0855267
0.955257 0.0874842
0.954312 0.0892894
0.95345 0.090933
0.952677 0.0924067
0.951996 0.0937029
0.951412 0.0948149
0.950927 0.095737
0.950545 0.0964646
0.950266 0.0969941
0.950093 0.0973229
0.950027 0.0974494
0.950067 0.0973734
0.950213 0.0970954
0.950465 0.0966172
0.95082 0.0959417
0.951277 0.0950726
0.951833 0.0940149
0.952484 0.0927743
0.953227 0.0913578
0.954058 0.0897727
0.954972 0.0880278
0.955964 0.0861321
0.957029 0.0840956
0.95816 0.0819287
0.959353 0.0796427
0.960599 0.0772489
0.961894 0.0747594
0.963231 0.0721863
0.964603 0.069542
0.966003 0.066839
0.967424 0.0640899
0.968862 0.0613071
0.970308 0.058503
0.971756 0.0556897
0.973201 0.052879
0.974637 0.0500823
0.976058 0.0473104
0.977459 0.0445738
0.978835 0.0418824
0.980181 0.0392452
0.981493 0.0366707
0.982768 0.0341668
0.984002 0.0317402
0.985192 0.0293973
0.986335 0.0271434
0.98743 0.024983
0.988474 0.0229198
0.989466 0.0209568
0.990406 0.0190961
0.991293 0.017339
0.992126 0.0156862
0.992906 0.0141374
0.993634 0.0126919
0.99431 0.0113483
0.994935 0.0101046
0.995511 0.00895814
0.996039 0.007906
0.996522 0.00694473
0.99696 0.00607053
0.997357 0.00527931
0.997714 0.00456672
0.998034 0.00392823
0.998319 0.00335919
0.998572 0.00285486
0.998794 0.00241046
0.998989 0.00202127
0.999158 0.00168259
0.999305 0.00138985
0.999431 0.00113863
0.999538 0.000924639
0.999628 0.000743833
0.999704 0.000592364
0.999767 0.00046663
0.999818 0.000363281
0.99986 0.000279229
0.999894 0.000211654
0.999921 0.000158002
0.999942 0.000115985
0.999958 8.35711e-05
0.999971 5.89805e-05
0.99998 4.06686e-05
0.999986 2.73142e-05
0.999991 1.78029e-05
0.999994 1.12094e-05
0.999997 6.77909e-06
0.999998 3.90917e-06
0.999999 2.12896e-06
0.999999 1.08107e-06
1 5.02843e-07
1 2.0883e-07
1 7.44826e-08
1 2.14166e-08
1 4.43136e-09
1 5.2031e-10
1 1.8066e-11
1 4.44089e-15
1 2.8022e-13
1 6.80702e-11
1 1.13572e-09
1 7.62733e-09
1 3.2193e-08
1 1.02413e-07
1 2.69276e-07
1 6.17211e-07
0.999999 1.2754e-06
0.999999 2.43008e-06
0.999998 4.3376e-06
0.999996 7.33778e-06
0.999994 1.18673e-05
0.999991 1.84729e-05
0.999986 2.78238e-05
0.99998 4.07233e-05
0.999971 5.81188e-05
0.999959 8.11105e-05
0.999945 0.000110958
0.999925 0.000149085
0.999901 0.000197081
0.999872 0.000256702
0.999835 0.000329864
0.999791 0.000418642
0.999737 0.000525255
0.999674 0.00065206
0.999599 0.000801531
0.999512 0.000976244
0.99941 0.00117886
0.999294 0.00141208
0.99916 0.00167866
0.999009 0.00198135
0.998838 0.00232285
0.998646 0.00270584
0.998432 0.00313287
0.998195 0.00360637
0.997934 0.00412864
0.997646 0.00470173
0.997333 0.0053275
0.996992 0.00600751
0.996623 0.00674306
0.996225 0.0075351
0.995799 0.00838421
0.995344 0.00929061
0.99486 0.0102541
0.994347 0.0112741
0.993806 0.0123494
0.993238 0.0134787
0.992643 0.0146599
0.992023 0.0158905
0.991379 0.0171677
0.990713 0.0184881
0.990026 0.0198479
0.989322 0.0212429
0.988601 0.0226683
0.987867 0.0241192
0.987122 0.0255902
0.986369 0.0270754
0.985612 0.028569
0.984853 0.0300645
0.984096 0.0315557
0.983343 0.0330357
0.9826 0.0344978
0.981868 0.0359352
0.981152 0.0373411
0.980455 0.0387085
0.97978 0.0400308
0.979132 0.0413014
0.978512 0.0425138
0.977925 0.0436617
0.977374 0.0447394
0.976862 0.0457411
0.97639 0.0466617
0.975963 0.0474963
0.975582 0.0482404
0.975249 0.0488902
0.974965 0.0494423
0.974734 0.0498938
0.974555 0.0502422
0.97443 0.0504858
0.97436 0.0506235
0.974344 0.0506546
0.974382 0.050579
0.974476 0.0503974
0.974623 0.0501108
0.974823 0.0497211
0.975074 0.0492303
0.975376 0.0486415
0.975727 0.0479578
0.976123 0.0471831
0.976565 0.0463216
0.977048 0.0453782
0.97757 0.0443578
0.978128 0.0432658
0.97872 0.0421081
0.979341 0.0408906
0.97999 0.0396195
0.980662 0.0383013
0.981355 0.0369423
0.982064 0.0355494
0.982787 0.0341289
0.98352 0.0326876
0.98426 0.0312319
0.985003 0.0297684
0.985747 0.0283031
0.986488 0.0268423
0.987222 0.0253918
0.987949 0.023957
0.988664 0.0225433
0.989366 0.0211557
0.990051 0.0197986
0.990719 0.0184763
0.991366 0.0171926
0.991993 0.0159509
0.992596 0.0147541
0.993174 0.0136049
0.993728 0.0125053
0.994255 0.011457
0.994756 0.0104613
0.995229 0.00951921
0.995675 0.00863107
0.996094 0.00779703
0.996485 0.00701686
0.99685 0.00628995
0.997188 0.00561543
0.997501 0.0049921
0.997788 0.00441854
0.998052 0.00389307
0.998292 0.00341383
0.998509 0.00297879
0.998706 0.00258575
0.998883 0.00223243
0.999041 0.00191647
0.999182 0.00163542
0.999306 0.00138684
0.999416 0.00116826
0.999511 0.000977255
0.999594 0.000811422
0.999666 0.000668428
0.999727 0.00054602
0.999779 0.000442036
0.999823 0.000354424
0.999859 0.00028125
0.99989 0.000220704
0.999914 0.00017111
0.999935 0.000130928
0.999951 9.87538e-05
0.999963 7.33219e-05
0.999973 5.35018e-05
0.999981 3.82941e-05
0.999987 2.68255e-05
0.999991 1.83421e-05
0.999994 1.2202e-05
0.999996 7.86631e-06
0.999998 4.89028e-06
0.999999 2.91357e-06
0.999999 1.65037e-06
1 8.79503e-07
1 4.34723e-07
1 1.95363e-07
1 7.75232e-08
1 2.59601e-08
1 6.79983e-09
1 1.2084e-09
1 1.05851e-10
1 1.64913e-12
